c In this file, the DIMACS format is extended by allowing arcs of infinite weight.
c These are specified by "a U V inf", where U and V are vertex IDs.
p sp 1024 2900
a 1 2 663
a 2 1 663
a 1 3 808
a 3 1 808
a 1 4 716
a 4 1 716
a 2 5 2994
a 5 2 2994
a 2 6 2142
a 6 2 2142
a 3 7 2366
a 7 3 2366
a 3 8 737
a 8 3 737
a 4 9 752
a 9 4 752
a 4 10 1413
a 10 4 1413
a 5 7 690
a 7 5 690
a 5 11 1802
a 11 5 1802
a 5 12 366
a 12 5 366
a 6 10 696
a 10 6 696
a 6 13 320
a 13 6 320
a 6 14 2132
a 14 6 2132
a 7 15 1803
a 15 7 1803
a 7 16 717
a 16 7 717
a 8 9 1553
a 9 8 1553
a 8 17 1030
a 17 8 1030
a 8 18 761
a 18 8 761
a 9 19 930
a 19 9 930
a 9 20 793
a 20 9 793
a 10 19 851
a 19 10 851
a 10 21 1497
a 21 10 1497
a 11 15 688
a 15 11 688
a 11 22 1302
a 22 11 1302
a 12 23 2157
a 23 12 2157
a 14 21 978
a 21 14 978
a 14 24 646
a 24 14 646
a 15 25 1513
a 25 15 1513
a 15 26 800
a 26 15 800
a 16 26 1667
a 26 16 1667
a 16 27 404
a 27 16 404
a 18 20 1538
a 20 18 1538
a 18 28 1175
a 28 18 1175
a 18 29 737
a 29 18 737
a 19 30 1694
a 30 19 1694
a 21 30 771
a 30 21 771
a 22 31 1601
a 31 22 1601
a 24 32 250
a 32 24 250
a 24 33 1340
a 33 24 1340
a 25 34 2460
a 34 25 2460
a 26 35 848
a 35 26 848
a 26 36 1529
a 36 26 1529
a 29 37 816
a 37 29 816
a 29 38 1374
a 38 29 1374
a 29 39 1242
a 39 29 1242
a 30 40 2167
a 40 30 2167
a 30 41 489
a 41 30 489
a 32 42 694
a 42 32 694
a 32 43 2232
a 43 32 2232
a 34 44 1196
a 44 34 1196
a 34 45 671
a 45 34 671
a 34 46 1399
a 46 34 1399
a 35 47 1712
a 47 35 1712
a 35 48 955
a 48 35 955
a 37 38 1211
a 38 37 1211
a 37 49 323
a 49 37 323
a 38 50 576
a 50 38 576
a 39 40 1351
a 40 39 1351
a 39 51 1451
a 51 39 1451
a 39 52 1726
a 52 39 1726
a 40 53 204
a 53 40 204
a 41 54 350
a 54 41 350
a 41 55 1464
a 55 41 1464
a 42 56 1776
a 56 42 1776
a 42 57 1290
a 57 42 1290
a 43 58 1435
a 58 43 1435
a 44 59 1326
a 59 44 1326
a 45 60 2559
a 60 45 2559
a 45 61 678
a 61 45 678
a 45 62 2227
a 62 45 2227
a 46 63 1315
a 63 46 1315
a 46 64 2462
a 64 46 2462
a 47 65 1184
a 65 47 1184
a 47 66 407
a 66 47 407
a 47 67 977
a 67 47 977
a 48 68 480
a 68 48 480
a 48 69 944
a 69 48 944
a 49 70 1799
a 70 49 1799
a 49 71 496
a 71 49 496
a 50 72 947
a 72 50 947
a 50 73 611
a 73 50 611
a 51 74 22
a 74 51 22
a 51 75 1657
a 75 51 1657
a 52 53 1201
a 53 52 1201
a 52 75 1387
a 75 52 1387
a 52 76 932
a 76 52 932
a 53 55 230
a 55 53 230
a 54 77 924
a 77 54 924
a 54 78 1045
a 78 54 1045
a 55 79 621
a 79 55 621
a 56 80 1189
a 80 56 1189
a 56 81 664
a 81 56 664
a 56 82 842
a 82 56 842
a 57 83 1100
a 83 57 1100
a 59 60 665
a 60 59 665
a 60 84 1179
a 84 60 1179
a 61 85 922
a 85 61 922
a 62 86 20
a 86 62 20
a 63 87 691
a 87 63 691
a 64 88 946
a 88 64 946
a 64 89 2834
a 89 64 2834
a 66 90 116
a 90 66 116
a 67 68 1088
a 68 67 1088
a 67 91 165
a 91 67 165
a 68 92 779
a 92 68 779
a 69 93 612
a 93 69 612
a 70 93 336
a 93 70 336
a 70 94 296
a 94 70 296
a 72 95 792
a 95 72 792
a 73 95 894
a 95 73 894
a 73 96 1774
a 96 73 1774
a 73 97 445
a 97 73 445
a 74 98 96
a 98 74 96
a 74 99 1048
a 99 74 1048
a 74 100 1616
a 100 74 1616
a 75 100 685
a 100 75 685
a 76 79 2055
a 79 76 2055
a 76 101 953
a 101 76 953
a 76 102 1035
a 102 76 1035
a 77 103 1094
a 103 77 1094
a 77 104 425
a 104 77 425
a 78 103 1027
a 103 78 1027
a 78 105 278
a 105 78 278
a 78 106 638
a 106 78 638
a 79 106 728
a 106 79 728
a 80 107 1243
a 107 80 1243
a 80 108 1307
a 108 80 1307
a 80 109 885
a 109 80 885
a 82 109 1089
a 109 82 1089
a 82 110 230
a 110 82 230
a 83 111 794
a 111 83 794
a 83 112 808
a 112 83 808
a 85 113 533
a 113 85 533
a 85 114 661
a 114 85 661
a 87 115 660
a 115 87 660
a 88 116 1161
a 116 88 1161
a 88 117 2949
a 117 88 2949
a 88 118 3507
a 118 88 3507
a 89 117 865
a 117 89 865
a 91 114 1514
a 114 91 1514
a 91 119 815
a 119 91 815
a 92 119 1259
a 119 92 1259
a 92 120 869
a 120 92 869
a 93 96 830
a 96 93 830
a 95 121 1807
a 121 95 1807
a 95 122 717
a 122 95 717
a 96 121 870
a 121 96 870
a 96 123 744
a 123 96 744
a 99 124 359
a 124 99 359
a 99 125 387
a 125 99 387
a 100 126 1014
a 126 100 1014
a 101 127 966
a 127 101 966
a 101 128 471
a 128 101 471
a 101 129 1286
a 129 101 1286
a 102 127 896
a 127 102 896
a 102 130 800
a 130 102 800
a 105 131 927
a 131 105 927
a 105 132 1405
a 132 105 1405
a 106 129 1647
a 129 106 1647
a 107 133 9881
a 133 107 9881
a 107 134 1015
a 134 107 1015
a 107 135 1020
a 135 107 1020
a 109 135 1266
a 135 109 1266
a 111 136 1807
a 136 111 1807
a 111 137 2592
a 137 111 2592
a 113 138 2107
a 138 113 2107
a 113 139 878
a 139 113 878
a 114 140 870
a 140 114 870
a 115 141 202
a 141 115 202
a 115 142 718
a 142 115 718
a 116 143 4140
a 143 116 4140
a 116 144 568
a 144 116 568
a 117 145 901
a 145 117 901
a 117 146 509
a 146 117 509
a 118 142 389
a 142 118 389
a 119 140 1524
a 140 119 1524
a 119 147 830
a 147 119 830
a 120 147 1271
a 147 120 1271
a 120 148 777
a 148 120 777
a 120 149 949
a 149 120 949
a 121 149 1066
a 149 121 1066
a 121 150 777
a 150 121 777
a 122 150 1762
a 150 122 1762
a 122 151 540
a 151 122 540
a 122 152 722
a 152 122 722
a 124 125 372
a 125 124 372
a 124 153 2559
a 153 124 2559
a 125 126 1112
a 126 125 1112
a 126 154 1170
a 154 126 1170
a 126 155 1047
a 155 126 1047
a 127 156 1499
a 156 127 1499
a 128 157 3514
a 157 128 3514
a 128 158 630
a 158 128 630
a 129 159 801
a 159 129 801
a 130 160 2116
a 160 130 2116
a 130 161 752
a 161 130 752
a 131 162 4932
a 162 131 4932
a 131 163 662
a 163 131 662
a 132 159 346
a 159 132 346
a 132 164 805
a 164 132 805
a 133 165 753
a 165 133 753
a 133 166 2952
a 166 133 2952
a 134 136 1670
a 136 134 1670
a 134 167 703
a 167 134 703
a 135 168 347
a 168 135 347
a 135 169 959
a 169 135 959
a 136 170 646
a 170 136 646
a 138 171 934
a 171 138 934
a 138 172 875
a 172 138 875
a 139 140 1305
a 140 139 1305
a 139 172 1960
a 172 139 1960
a 139 173 805
a 173 139 805
a 140 174 810
a 174 140 810
a 141 175 138
a 175 141 138
a 143 175 1371
a 175 143 1371
a 143 176 2888
a 176 143 2888
a 144 145 1559
a 145 144 1559
a 144 177 597
a 177 144 597
a 145 178 240
a 178 145 240
a 145 179 3378
a 179 145 3378
a 147 174 1538
a 174 147 1538
a 147 180 782
a 180 147 782
a 148 180 1235
a 180 148 1235
a 148 181 759
a 181 148 759
a 148 182 920
a 182 148 920
a 150 182 1088
a 182 150 1088
a 150 183 710
a 183 150 710
a 152 183 1724
a 183 152 1724
a 152 184 746
a 184 152 746
a 152 185 442
a 185 152 442
a 153 186 204
a 186 153 204
a 153 187 994
a 187 153 994
a 154 188 173
a 188 154 173
a 154 189 1299
a 189 154 1299
a 155 161 687
a 161 155 687
a 155 190 1148
a 190 155 1148
a 155 191 1153
a 191 155 1153
a 156 160 771
a 160 156 771
a 156 192 1991
a 192 156 1991
a 156 193 236
a 193 156 236
a 157 194 903
a 194 157 903
a 157 195 220
a 195 157 220
a 158 196 1058
a 196 158 1058
a 158 197 330
a 197 158 330
a 159 197 897
a 197 159 897
a 160 198 805
a 198 160 805
a 160 199 1764
a 199 160 1764
a 161 198 1936
a 198 161 1936
a 162 200 955
a 200 162 955
a 163 201 933
a 201 163 933
a 163 202 1643
a 202 163 1643
a 164 203 1195
a 203 164 1195
a 164 204 825
a 204 164 825
a 165 205 2493
a 205 165 2493
a 165 206 8637
a 206 165 8637
a 166 207 910
a 207 166 910
a 167 208 2533
a 208 167 2533
a 168 179 2143
a 179 168 2143
a 168 209 1119
a 209 168 1119
a 171 210 874
a 210 171 874
a 171 211 790
a 211 171 790
a 172 211 1011
a 211 172 1011
a 172 212 794
a 212 172 794
a 173 174 1230
a 174 173 1230
a 173 213 349
a 213 173 349
a 174 214 792
a 214 174 792
a 175 176 1598
a 176 175 1598
a 176 215 2091
a 215 176 2091
a 177 178 875
a 178 177 875
a 177 216 268
a 216 177 268
a 178 217 811
a 217 178 811
a 179 218 1221
a 218 179 1221
a 180 214 1774
a 214 180 1774
a 180 219 587
a 219 180 587
a 181 220 900
a 220 181 900
a 181 221 238
a 221 181 238
a 182 220 772
a 220 182 772
a 183 220 1061
a 220 183 1061
a 183 222 697
a 222 183 697
a 184 222 1826
a 222 184 1826
a 184 223 999
a 223 184 999
a 186 224 109
a 224 186 109
a 186 225 449
a 225 186 449
a 187 226 992
a 226 187 992
a 187 227 1562
a 227 187 1562
a 188 190 810
a 190 188 810
a 188 225 461
a 225 188 461
a 190 228 1204
a 228 190 1204
a 191 228 1156
a 228 191 1156
a 191 229 739
a 229 191 739
a 192 195 559
a 195 192 559
a 192 199 745
a 199 192 745
a 194 196 2526
a 196 194 2526
a 194 230 573
a 230 194 573
a 195 231 415
a 231 195 415
a 197 203 960
a 203 197 960
a 198 229 740
a 229 198 740
a 198 232 1695
a 232 198 1695
a 199 231 1396
a 231 199 1396
a 199 232 749
a 232 199 749
a 199 233 1683
a 233 199 1683
a 200 234 1012
a 234 200 1012
a 201 235 794
a 235 201 794
a 201 236 805
a 236 201 805
a 201 237 468
a 237 201 468
a 202 234 3257
a 234 202 3257
a 203 238 912
a 238 203 912
a 204 238 1291
a 238 204 1291
a 206 239 1031
a 239 206 1031
a 206 240 2638
a 240 206 2638
a 207 241 998
a 241 207 998
a 207 242 2331
a 242 207 2331
a 208 243 9242
a 243 208 9242
a 208 244 3300
a 244 208 3300
a 209 218 2298
a 218 209 2298
a 209 245 808
a 245 209 808
a 210 246 775
a 246 210 775
a 210 247 363
a 247 210 363
a 211 248 127
a 248 211 127
a 212 249 585
a 249 212 585
a 213 250 844
a 250 213 844
a 213 251 887
a 251 213 887
a 214 252 262
a 252 214 262
a 214 253 1374
a 253 214 1374
a 215 254 7161
a 254 215 7161
a 215 255 1422
a 255 215 1422
a 217 256 534
a 256 217 534
a 217 257 751
a 257 217 751
a 217 258 1128
a 258 217 1128
a 218 259 719
a 259 218 719
a 219 260 615
a 260 219 615
a 219 261 386
a 261 219 386
a 221 261 975
a 261 221 975
a 221 262 696
a 262 221 696
a 222 262 1916
a 262 222 1916
a 222 263 719
a 263 222 719
a 223 263 1860
a 263 223 1860
a 223 264 900
a 264 223 900
a 224 225 409
a 225 224 409
a 224 265 87
a 265 224 87
a 225 266 395
a 266 225 395
a 226 267 769
a 267 226 769
a 226 268 1844
a 268 226 1844
a 227 266 1311
a 266 227 1311
a 227 269 624
a 269 227 624
a 228 269 688
a 269 228 688
a 228 270 735
a 270 228 735
a 229 270 1181
a 270 229 1181
a 229 271 1493
a 271 229 1493
a 230 272 2136
a 272 230 2136
a 230 273 1011
a 273 230 1011
a 230 274 1670
a 274 230 1670
a 230 275 534
a 275 230 534
a 231 275 1704
a 275 231 1704
a 232 271 879
a 271 232 879
a 233 271 968
a 271 233 968
a 233 276 453
a 276 233 453
a 234 277 506
a 277 234 506
a 234 278 1066
a 278 234 1066
a 236 279 1095
a 279 236 1095
a 236 280 547
a 280 236 547
a 237 281 564
a 281 237 564
a 237 282 1099
a 282 237 1099
a 238 282 774
a 282 238 774
a 239 283 1067
a 283 239 1067
a 239 284 1149
a 284 239 1149
a 240 285 1406
a 285 240 1406
a 240 286 440
a 286 240 440
a 240 287 277
a 287 240 277
a 242 288 1675
a 288 242 1675
a 242 289 419
a 289 242 419
a 242 290 4087
a 290 242 4087
a 243 291 6031
a 291 243 6031
a 245 259 2025
a 259 245 2025
a 246 292 1119
a 292 246 1119
a 247 248 1224
a 248 247 1224
a 247 293 1600
a 293 247 1600
a 248 294 1478
a 294 248 1478
a 248 295 1123
a 295 248 1123
a 249 296 602
a 296 249 602
a 249 297 1071
a 297 249 1071
a 250 297 559
a 297 250 559
a 250 298 400
a 298 250 400
a 252 260 1514
a 260 252 1514
a 252 299 638
a 299 252 638
a 253 298 63
a 298 253 63
a 254 300 1629
a 300 254 1629
a 254 301 3945
a 301 254 3945
a 254 302 938
a 302 254 938
a 255 303 687
a 303 255 687
a 257 304 1635
a 304 257 1635
a 259 305 680
a 305 259 680
a 260 306 801
a 306 260 801
a 260 307 2242
a 307 260 2242
a 261 262 1369
a 262 261 1369
a 262 307 761
a 307 262 761
a 263 307 1886
a 307 263 1886
a 263 308 813
a 308 263 813
a 264 308 1826
a 308 264 1826
a 264 309 867
a 309 264 867
a 265 266 27
a 266 265 27
a 267 310 755
a 310 267 755
a 267 311 2791
a 311 267 2791
a 268 269 1186
a 269 268 1186
a 268 312 1337
a 312 268 1337
a 269 313 1836
a 313 269 1836
a 270 314 1286
a 314 270 1286
a 271 314 1097
a 314 271 1097
a 272 315 1443
a 315 272 1443
a 272 316 315
a 316 272 315
a 273 315 729
a 315 273 729
a 273 317 862
a 317 273 862
a 274 317 754
a 317 274 754
a 274 318 1108
a 318 274 1108
a 274 319 669
a 319 274 669
a 275 320 385
a 320 275 385
a 276 321 3969
a 321 276 3969
a 276 322 465
a 322 276 465
a 277 323 967
a 323 277 967
a 277 324 1471
a 324 277 1471
a 278 325 867
a 325 278 867
a 278 326 1985
a 326 278 1985
a 278 327 742
a 327 278 742
a 279 328 214
a 328 279 214
a 279 329 351
a 329 279 351
a 280 281 770
a 281 280 770
a 280 330 536
a 330 280 536
a 281 331 1383
a 331 281 1383
a 281 332 767
a 332 281 767
a 282 333 395
a 333 282 395
a 283 334 1155
a 334 283 1155
a 284 287 1975
a 287 284 1975
a 284 335 750
a 335 284 750
a 285 336 366
a 336 285 366
a 285 337 460
a 337 285 460
a 287 338 697
a 338 287 697
a 288 339 1164
a 339 288 1164
a 289 340 1820
a 340 289 1820
a 289 341 529
a 341 289 529
a 290 342 1014
a 342 290 1014
a 290 343 1459
a 343 290 1459
a 291 344 286
a 344 291 286
a 291 345 465
a 345 291 465
a 292 303 501
a 303 292 501
a 292 346 183
a 346 292 183
a 293 294 1370
a 294 293 1370
a 293 347 2239
a 347 293 2239
a 294 295 859
a 295 294 859
a 295 296 1624
a 296 295 1624
a 296 348 987
a 348 296 987
a 297 348 679
a 348 297 679
a 297 349 1502
a 349 297 1502
a 298 299 1062
a 299 298 1062
a 299 306 1510
a 306 299 1510
a 299 349 638
a 349 299 638
a 300 350 2231
a 350 300 2231
a 301 343 963
a 343 301 963
a 301 351 1165
a 351 301 1165
a 302 352 881
a 352 302 881
a 302 353 1499
a 353 302 1499
a 306 354 688
a 354 306 688
a 306 355 2374
a 355 306 2374
a 307 356 870
a 356 307 870
a 308 356 1877
a 356 308 1877
a 308 357 750
a 357 308 750
a 309 357 1565
a 357 309 1565
a 309 358 736
a 358 309 736
a 310 359 882
a 359 310 882
a 310 360 1967
a 360 310 1967
a 311 312 785
a 312 311 785
a 311 360 997
a 360 311 997
a 312 313 564
a 313 312 564
a 313 314 808
a 314 313 808
a 315 333 289
a 333 315 289
a 317 361 751
a 361 317 751
a 317 362 1137
a 362 317 1137
a 318 362 774
a 362 318 774
a 318 363 1375
a 363 318 1375
a 318 364 689
a 364 318 689
a 319 364 1144
a 364 319 1144
a 319 365 478
a 365 319 478
a 320 365 1627
a 365 320 1627
a 320 366 289
a 366 320 289
a 321 367 2590
a 367 321 2590
a 321 368 984
a 368 321 984
a 322 369 743
a 369 322 743
a 322 370 1780
a 370 322 1780
a 322 371 903
a 371 322 903
a 324 326 947
a 326 324 947
a 324 372 707
a 372 324 707
a 325 328 1260
a 328 325 1260
a 325 373 1333
a 373 325 1333
a 326 374 851
a 374 326 851
a 327 374 1944
a 374 327 1944
a 327 375 828
a 375 327 828
a 328 330 1353
a 330 328 1353
a 330 376 718
a 376 330 718
a 331 332 1389
a 332 331 1389
a 331 377 613
a 377 331 613
a 331 378 827
a 378 331 827
a 332 361 1091
a 361 332 1091
a 332 362 782
a 362 332 782
a 333 361 325
a 361 333 325
a 334 379 2612
a 379 334 2612
a 334 380 849
a 380 334 849
a 334 381 842
a 381 334 842
a 335 338 1917
a 338 335 1917
a 335 379 1008
a 379 335 1008
a 335 382 693
a 382 335 693
a 336 383 1889
a 383 336 1889
a 337 384 1916
a 384 337 1916
a 337 385 386
a 385 337 386
a 338 385 1499
a 385 338 1499
a 338 386 1011
a 386 338 1011
a 339 387 556
a 387 339 556
a 341 388 3504
a 388 341 3504
a 341 389 1212
a 389 341 1212
a 342 390 846
a 390 342 846
a 342 391 827
a 391 342 827
a 343 392 1200
a 392 343 1200
a 344 393 725
a 393 344 725
a 345 394 1300
a 394 345 1300
a 345 395 2173
a 395 345 2173
a 346 396 536
a 396 346 536
a 347 397 112
a 397 347 112
a 347 398 640
a 398 347 640
a 348 399 1493
a 399 348 1493
a 349 354 1537
a 354 349 1537
a 349 399 663
a 399 349 663
a 350 400 1030
a 400 350 1030
a 350 401 219
a 401 350 219
a 351 402 1590
a 402 351 1590
a 351 403 538
a 403 351 538
a 352 404 1103
a 404 352 1103
a 352 405 1627
a 405 352 1627
a 354 406 727
a 406 354 727
a 354 407 2019
a 407 354 2019
a 355 356 465
a 356 355 465
a 355 407 856
a 407 355 856
a 355 408 441
a 408 355 441
a 357 409 1488
a 409 357 1488
a 357 410 774
a 410 357 774
a 358 410 1398
a 410 358 1398
a 358 411 2296
a 411 358 2296
a 359 367 1106
a 367 359 1106
a 359 412 804
a 412 359 804
a 360 367 1009
a 367 360 1009
a 360 413 1093
a 413 360 1093
a 362 378 1331
a 378 362 1331
a 363 378 745
a 378 363 745
a 363 414 605
a 414 363 605
a 363 415 768
a 415 363 768
a 364 415 1299
a 415 364 1299
a 364 416 664
a 416 364 664
a 365 416 1216
a 416 365 1216
a 365 417 345
a 417 365 345
a 366 418 223
a 418 366 223
a 367 419 711
a 419 367 711
a 368 419 2410
a 419 368 2410
a 368 420 668
a 420 368 668
a 368 421 588
a 421 368 588
a 369 422 776
a 422 369 776
a 369 423 1828
a 423 369 1828
a 370 423 776
a 423 370 776
a 370 424 969
a 424 370 969
a 370 425 1561
a 425 370 1561
a 371 424 1840
a 424 371 1840
a 371 426 697
a 426 371 697
a 373 375 588
a 375 373 588
a 373 376 802
a 376 373 802
a 374 427 873
a 427 374 873
a 375 427 1813
a 427 375 1813
a 376 427 2614
a 427 376 2614
a 377 414 1205
a 414 377 1205
a 377 428 789
a 428 377 789
a 379 386 1880
a 386 379 1880
a 379 429 733
a 429 379 733
a 380 430 2237
a 430 380 2237
a 380 431 623
a 431 380 623
a 381 432 1639
a 432 381 1639
a 381 433 841
a 433 381 841
a 383 384 549
a 384 383 549
a 383 434 756
a 434 383 756
a 384 435 909
a 435 384 909
a 385 436 428
a 436 385 428
a 386 437 623
a 437 386 623
a 386 438 752
a 438 386 752
a 387 439 1066
a 439 387 1066
a 388 440 485
a 440 388 485
a 388 441 1270
a 441 388 1270
a 389 442 1022
a 442 389 1022
a 389 443 1081
a 443 389 1081
a 390 444 934
a 444 390 934
a 390 445 816
a 445 390 816
a 390 446 930
a 446 390 930
a 392 403 578
a 403 392 578
a 392 447 855
a 447 392 855
a 392 448 172
a 448 392 172
a 393 449 2187
a 449 393 2187
a 393 450 316
a 450 393 316
a 394 451 785
a 451 394 785
a 394 452 1190
a 452 394 1190
a 394 453 717
a 453 394 717
a 395 453 858
a 453 395 858
a 395 454 989
a 454 395 989
a 397 455 535
a 455 397 535
a 398 456 638
a 456 398 638
a 398 457 460
a 457 398 460
a 399 406 1534
a 406 399 1534
a 400 405 1770
a 405 400 1770
a 400 458 428
a 458 400 428
a 401 459 1022
a 459 401 1022
a 402 460 768
a 460 402 768
a 403 461 355
a 461 403 355
a 404 462 537
a 462 404 537
a 404 463 329
a 463 404 329
a 405 464 425
a 464 405 425
a 406 465 508
a 465 406 508
a 407 466 863
a 466 407 863
a 407 467 1321
a 467 407 1321
a 409 410 1621
a 410 409 1621
a 409 467 884
a 467 409 884
a 409 468 507
a 468 409 507
a 410 469 476
a 469 410 476
a 411 470 692
a 470 411 692
a 411 471 628
a 471 411 628
a 412 419 427
a 419 412 427
a 412 471 1231
a 471 412 1231
a 412 472 722
a 472 412 722
a 414 473 757
a 473 414 757
a 414 474 1793
a 474 414 1793
a 415 475 823
a 475 415 823
a 416 475 1446
a 475 416 1446
a 416 476 241
a 476 416 241
a 417 477 135
a 477 417 135
a 418 477 1692
a 477 418 1692
a 418 478 1113
a 478 418 1113
a 418 479 742
a 479 418 742
a 420 480 392
a 480 420 392
a 420 481 7
a 481 420 7
a 421 482 724
a 482 421 724
a 421 483 1188
a 483 421 1188
a 422 484 1339
a 484 422 1339
a 422 485 1852
a 485 422 1852
a 423 485 806
a 485 423 806
a 423 486 1531
a 486 423 1531
a 424 487 781
a 487 424 781
a 424 488 1523
a 488 424 1523
a 425 486 797
a 486 425 797
a 425 488 989
a 488 425 989
a 425 489 836
a 489 425 836
a 426 487 1686
a 487 426 1686
a 426 490 991
a 490 426 991
a 427 491 894
a 491 427 894
a 428 473 1058
a 473 428 1058
a 428 492 705
a 492 428 705
a 429 438 1862
a 438 429 1862
a 429 493 897
a 493 429 897
a 430 493 456
a 493 430 456
a 430 494 1111
a 494 430 1111
a 431 432 789
a 432 431 789
a 431 495 884
a 495 431 884
a 432 496 1287
a 496 432 1287
a 432 497 759
a 497 432 759
a 433 497 1957
a 497 433 1957
a 433 498 902
a 498 433 902
a 434 499 853
a 499 434 853
a 434 500 1623
a 500 434 1623
a 435 436 1570
a 436 435 1570
a 435 501 901
a 501 435 901
a 436 502 586
a 502 436 586
a 437 503 724
a 503 437 724
a 437 504 2365
a 504 437 2365
a 438 505 902
a 505 438 902
a 439 506 676
a 506 439 676
a 440 507 1158
a 507 440 1158
a 440 508 842
a 508 440 842
a 441 509 1720
a 509 441 1720
a 441 510 720
a 510 441 720
a 442 443 237
a 443 442 237
a 442 510 1275
a 510 442 1275
a 443 511 609
a 511 443 609
a 444 447 453
a 447 444 453
a 444 448 762
a 448 444 762
a 444 512 2860
a 512 444 2860
a 445 513 819
a 513 445 819
a 445 514 1002
a 514 445 1002
a 447 515 438
a 515 447 438
a 449 451 732
a 451 449 732
a 449 516 1173
a 516 449 1173
a 449 517 602
a 517 449 602
a 450 518 400
a 518 450 400
a 451 519 1195
a 519 451 1195
a 452 519 930
a 519 452 930
a 452 520 1394
a 520 452 1394
a 452 521 657
a 521 452 657
a 453 522 476
a 522 453 476
a 454 521 898
a 521 454 898
a 454 523 733
a 523 454 733
a 454 524 857
a 524 454 857
a 455 456 1164
a 456 455 1164
a 455 525 487
a 525 455 487
a 455 526 1229
a 526 455 1229
a 456 527 777
a 527 456 777
a 459 528 1932
a 528 459 1932
a 459 529 903
a 529 459 903
a 460 530 804
a 530 460 804
a 460 531 1210
a 531 460 1210
a 461 532 285
a 532 461 285
a 461 533 337
a 533 461 337
a 462 534 734
a 534 462 734
a 462 535 339
a 535 462 339
a 463 535 552
a 535 463 552
a 463 536 214
a 536 463 214
a 464 537 1176
a 537 464 1176
a 464 538 819
a 538 464 819
a 465 466 1403
a 466 465 1403
a 465 539 632
a 539 465 632
a 466 540 710
a 540 466 710
a 466 541 1356
a 541 466 1356
a 467 541 882
a 541 467 882
a 467 542 1827
a 542 467 1827
a 469 470 1760
a 470 469 1760
a 469 542 965
a 542 469 965
a 470 543 1370
a 543 470 1370
a 471 544 1338
a 544 471 1338
a 472 480 1964
a 480 472 1964
a 472 545 1913
a 545 472 1913
a 473 546 702
a 546 473 702
a 473 547 1929
a 547 473 1929
a 474 475 529
a 475 474 529
a 474 547 801
a 547 474 801
a 475 548 337
a 548 475 337
a 476 549 221
a 549 476 221
a 477 549 1228
a 549 477 1228
a 477 550 548
a 550 477 548
a 478 490 856
a 490 478 856
a 478 551 854
a 551 478 854
a 479 550 1761
a 550 479 1761
a 479 552 939
a 552 479 939
a 480 545 2004
a 545 480 2004
a 482 553 1514
a 553 482 1514
a 482 554 892
a 554 482 892
a 482 555 1239
a 555 482 1239
a 483 484 750
a 484 483 750
a 483 553 698
a 553 483 698
a 484 556 2004
a 556 484 2004
a 485 556 410
a 556 485 410
a 485 557 1530
a 557 485 1530
a 486 557 715
a 557 486 715
a 486 558 2404
a 558 486 2404
a 487 559 877
a 559 487 877
a 487 560 1603
a 560 487 1603
a 488 560 794
a 560 488 794
a 488 561 840
a 561 488 840
a 489 561 897
a 561 489 897
a 489 562 730
a 562 489 730
a 490 559 1785
a 559 490 1785
a 491 492 588
a 492 491 588
a 491 563 205
a 563 491 205
a 492 546 1150
a 546 492 1150
a 493 505 1754
a 505 493 1754
a 494 564 291
a 564 494 291
a 494 565 245
a 565 494 245
a 495 566 933
a 566 495 933
a 495 567 536
a 567 495 536
a 496 567 822
a 567 496 822
a 496 568 1403
a 568 496 1403
a 496 569 755
a 569 496 755
a 497 569 1269
a 569 497 1269
a 497 570 825
a 570 497 825
a 498 570 2184
a 570 498 2184
a 498 571 756
a 571 498 756
a 499 572 391
a 572 499 391
a 499 573 1600
a 573 499 1600
a 500 573 928
a 573 500 928
a 501 574 880
a 574 501 880
a 501 575 1696
a 575 501 1696
a 502 503 153
a 503 502 153
a 502 575 348
a 575 502 348
a 504 576 859
a 576 504 859
a 504 577 1678
a 577 504 1678
a 504 578 711
a 578 504 711
a 505 578 792
a 578 505 792
a 506 579 7123
a 579 506 7123
a 506 580 68
a 580 506 68
a 507 581 372
a 581 507 372
a 507 582 193
a 582 507 193
a 508 583 1242
a 583 508 1242
a 508 584 2360
a 584 508 2360
a 508 585 365
a 585 508 365
a 509 582 1037
a 582 509 1037
a 509 586 762
a 586 509 762
a 510 587 363
a 587 510 363
a 511 588 1180
a 588 511 1180
a 512 589 856
a 589 512 856
a 512 590 822
a 590 512 822
a 513 591 2314
a 591 513 2314
a 513 592 819
a 592 513 819
a 515 531 829
a 531 515 829
a 515 590 2653
a 590 515 2653
a 516 519 696
a 519 516 696
a 516 593 1394
a 593 516 1394
a 516 594 694
a 594 516 694
a 517 518 2626
a 518 517 2626
a 517 594 1147
a 594 517 1147
a 517 595 749
a 595 517 749
a 518 596 652
a 596 518 652
a 519 597 1317
a 597 519 1317
a 520 597 827
a 597 520 827
a 520 598 1519
a 598 520 1519
a 520 599 748
a 599 520 748
a 521 599 1336
a 599 521 1336
a 523 600 752
a 600 523 752
a 523 601 2297
a 601 523 2297
a 524 602 714
a 602 524 714
a 524 603 1387
a 603 524 1387
a 525 604 1930
a 604 525 1930
a 528 605 1063
a 605 528 1063
a 528 606 868
a 606 528 868
a 529 607 1195
a 607 529 1195
a 529 608 468
a 608 529 468
a 530 609 943
a 609 530 943
a 530 610 432
a 610 530 432
a 531 611 847
a 611 531 847
a 534 612 471
a 612 534 471
a 534 613 355
a 613 534 355
a 535 614 676
a 614 535 676
a 539 615 2832
a 615 539 2832
a 539 616 1044
a 616 539 1044
a 540 616 223
a 616 540 223
a 540 617 1538
a 617 540 1538
a 541 543 1827
a 543 541 1827
a 542 543 882
a 543 542 882
a 543 618 557
a 618 543 557
a 544 618 2200
a 618 544 2200
a 544 619 563
a 619 544 563
a 544 620 820
a 620 544 820
a 546 621 756
a 621 546 756
a 546 622 1980
a 622 546 1980
a 547 622 763
a 622 547 763
a 548 623 223
a 623 548 223
a 549 623 1424
a 623 549 1424
a 549 624 1300
a 624 549 1300
a 550 625 969
a 625 550 969
a 551 626 972
a 626 551 972
a 551 627 936
a 627 551 936
a 552 625 1667
a 625 552 1667
a 552 626 1206
a 626 552 1206
a 552 628 815
a 628 552 815
a 553 629 1838
a 629 553 1838
a 554 630 1222
a 630 554 1222
a 554 631 815
a 631 554 815
a 554 632 1279
a 632 554 1279
a 555 633 362
a 633 555 362
a 556 634 320
a 634 556 320
a 557 635 295
a 635 557 295
a 557 636 2399
a 636 557 2399
a 558 636 765
a 636 558 765
a 558 637 849
a 637 558 849
a 558 638 1519
a 638 558 1519
a 559 626 746
a 626 559 746
a 559 639 831
a 639 559 831
a 560 640 1392
a 640 560 1392
a 560 641 812
a 641 560 812
a 561 642 785
a 642 561 785
a 562 637 844
a 637 562 844
a 562 642 913
a 642 562 913
a 563 621 1198
a 621 563 1198
a 563 643 753
a 643 563 753
a 564 644 2595
a 644 564 2595
a 564 645 798
a 645 564 798
a 565 578 1169
a 578 565 1169
a 565 646 583
a 646 565 583
a 566 647 221
a 647 566 221
a 566 648 312
a 648 566 312
a 567 649 789
a 649 567 789
a 567 650 1343
a 650 567 1343
a 568 650 784
a 650 568 784
a 568 651 1272
a 651 568 1272
a 568 652 735
a 652 568 735
a 569 652 1388
a 652 569 1388
a 569 653 804
a 653 569 804
a 570 653 1235
a 653 570 1235
a 570 654 738
a 654 570 738
a 571 596 1534
a 596 571 1534
a 571 655 815
a 655 571 815
a 572 579 7999
a 579 572 7999
a 572 656 451
a 656 572 451
a 573 657 736
a 657 573 736
a 574 658 936
a 658 574 936
a 574 659 1806
a 659 574 1806
a 575 659 863
a 659 575 863
a 576 658 1951
a 658 576 1951
a 576 659 1027
a 659 576 1027
a 576 660 568
a 660 576 568
a 577 661 1138
a 661 577 1138
a 577 662 915
a 662 577 915
a 577 663 443
a 663 577 443
a 578 663 1190
a 663 578 1190
a 579 664 2602
a 664 579 2602
a 580 665 807
a 665 580 807
a 581 583 393
a 583 581 393
a 581 666 767
a 666 581 767
a 582 667 2246
a 667 582 2246
a 583 668 2586
a 668 583 2586
a 583 669 351
a 669 583 351
a 584 670 753
a 670 584 753
a 584 671 456
a 671 584 456
a 585 672 267
a 672 585 267
a 586 673 1739
a 673 586 1739
a 586 674 655
a 674 586 655
a 587 675 525
a 675 587 525
a 587 676 513
a 676 587 513
a 587 677 904
a 677 587 904
a 588 674 2472
a 674 588 2472
a 588 675 497
a 675 588 497
a 589 591 827
a 591 589 827
a 589 678 2906
a 678 589 2906
a 589 679 802
a 679 589 802
a 590 680 811
a 680 590 811
a 591 681 1169
a 681 591 1169
a 591 682 888
a 682 591 888
a 592 670 745
a 670 592 745
a 592 682 2340
a 682 592 2340
a 593 597 802
a 597 593 802
a 593 683 1517
a 683 593 1517
a 593 684 846
a 684 593 846
a 594 684 1339
a 684 594 1339
a 594 685 748
a 685 594 748
a 595 654 1353
a 654 595 1353
a 595 686 930
a 686 595 930
a 595 687 879
a 687 595 879
a 596 688 1174
a 688 596 1174
a 597 689 1574
a 689 597 1574
a 598 689 822
a 689 598 822
a 598 690 2035
a 690 598 2035
a 598 691 766
a 691 598 766
a 599 600 804
a 600 599 804
a 599 691 1535
a 691 599 1535
a 600 692 770
a 692 600 770
a 600 693 803
a 693 600 803
a 601 603 879
a 603 601 879
a 601 694 721
a 694 601 721
a 601 695 1132
a 695 601 1132
a 602 696 1386
a 696 602 1386
a 602 697 697
a 697 602 697
a 603 696 678
a 696 603 678
a 603 698 894
a 698 603 894
a 604 699 736
a 699 604 736
a 604 700 4134
a 700 604 4134
a 605 606 1300
a 606 605 1300
a 605 701 1982
a 701 605 1982
a 606 702 549
a 702 606 549
a 609 703 836
a 703 609 836
a 609 704 776
a 704 609 776
a 609 705 467
a 705 609 467
a 611 706 899
a 706 611 899
a 612 703 2410
a 703 612 2410
a 612 707 887
a 707 612 887
a 612 708 365
a 708 612 365
a 613 708 486
a 708 613 486
a 613 709 183
a 709 613 183
a 614 710 959
a 710 614 959
a 615 711 994
a 711 615 994
a 615 712 985
a 712 615 985
a 616 713 1107
a 713 616 1107
a 617 713 2135
a 713 617 2135
a 617 714 1000
a 714 617 1000
a 619 715 893
a 715 619 893
a 620 716 315
a 716 620 315
a 620 717 1801
a 717 620 1801
a 621 718 2122
a 718 621 2122
a 622 718 700
a 718 622 700
a 623 719 739
a 719 623 739
a 623 720 1010
a 720 623 1010
a 624 625 1213
a 625 624 1213
a 624 720 1356
a 720 624 1356
a 624 721 739
a 721 624 739
a 625 722 775
a 722 625 775
a 626 723 1561
a 723 626 1561
a 628 722 1659
a 722 628 1659
a 628 724 781
a 724 628 781
a 629 725 1169
a 725 629 1169
a 629 726 669
a 726 629 669
a 630 725 810
a 725 630 810
a 631 725 1196
a 725 631 1196
a 631 727 854
a 727 631 854
a 631 728 1268
a 728 631 1268
a 632 633 349
a 633 632 349
a 632 728 906
a 728 632 906
a 636 729 938
a 729 636 938
a 636 730 1453
a 730 636 1453
a 637 731 1038
a 731 637 1038
a 637 732 580
a 732 637 580
a 638 730 767
a 730 638 767
a 638 733 857
a 733 638 857
a 639 641 712
a 641 639 712
a 639 734 242
a 734 639 242
a 640 735 963
a 735 640 963
a 640 736 782
a 736 640 782
a 641 723 783
a 723 641 783
a 642 731 801
a 731 642 801
a 643 737 1649
a 737 643 1649
a 643 738 1367
a 738 643 1367
a 644 739 588
a 739 644 588
a 644 740 791
a 740 644 791
a 644 741 738
a 741 644 738
a 645 649 748
a 649 645 748
a 645 742 2559
a 742 645 2559
a 646 663 1008
a 663 646 1008
a 646 740 1877
a 740 646 1877
a 649 743 2571
a 743 649 2571
a 650 744 1326
a 744 650 1326
a 651 744 785
a 744 651 785
a 651 745 2111
a 745 651 2111
a 651 746 774
a 746 651 774
a 652 746 1286
a 746 652 1286
a 652 747 879
a 747 652 879
a 653 747 1415
a 747 653 1415
a 653 748 751
a 748 653 751
a 654 749 828
a 749 654 828
a 654 750 833
a 750 654 833
a 655 688 1424
a 688 655 1424
a 655 750 755
a 750 655 755
a 656 657 1502
a 657 656 1502
a 656 751 797
a 751 656 797
a 657 752 907
a 752 657 907
a 658 753 556
a 753 658 556
a 660 753 2079
a 753 660 2079
a 660 754 702
a 754 660 702
a 661 662 769
a 662 661 769
a 661 755 439
a 755 661 439
a 662 740 773
a 740 662 773
a 664 756 2188
a 756 664 2188
a 664 757 1153
a 757 664 1153
a 664 758 6842
a 758 664 6842
a 665 759 991
a 759 665 991
a 665 760 1365
a 760 665 1365
a 667 761 869
a 761 667 869
a 667 762 1707
a 762 667 1707
a 668 763 797
a 763 668 797
a 669 764 422
a 764 669 422
a 669 765 968
a 765 669 968
a 670 766 2264
a 766 670 2264
a 672 767 59
a 767 672 59
a 673 674 1800
a 674 673 1800
a 674 768 3592
a 768 674 3592
a 678 703 840
a 703 678 840
a 678 707 2375
a 707 678 2375
a 678 769 770
a 769 678 770
a 679 770 414
a 770 679 414
a 679 771 720
a 771 679 720
a 680 703 1195
a 703 680 1195
a 680 706 825
a 706 680 825
a 681 770 833
a 770 681 833
a 681 772 2735
a 772 681 2735
a 681 773 902
a 773 681 902
a 682 773 1180
a 773 682 1180
a 682 774 346
a 774 682 346
a 683 689 786
a 689 683 786
a 683 775 2035
a 775 683 2035
a 683 776 803
a 776 683 803
a 684 776 1585
a 776 684 1585
a 684 777 784
a 777 684 784
a 685 686 257
a 686 685 257
a 685 748 1332
a 748 685 1332
a 685 778 632
a 778 685 632
a 686 749 1273
a 749 686 1273
a 687 688 740
a 688 687 740
a 687 750 1406
a 750 687 1406
a 689 779 2051
a 779 689 2051
a 690 779 803
a 779 690 803
a 690 780 3008
a 780 690 3008
a 690 781 794
a 781 690 794
a 691 781 2161
a 781 691 2161
a 691 782 941
a 782 691 941
a 692 782 843
a 782 692 843
a 692 783 732
a 783 692 732
a 693 694 1440
a 694 693 1440
a 693 783 813
a 783 693 813
a 694 784 2230
a 784 694 2230
a 694 785 847
a 785 694 847
a 695 784 1283
a 784 695 1283
a 696 786 875
a 786 696 875
a 696 787 623
a 787 696 623
a 697 787 1386
a 787 697 1386
a 697 788 806
a 788 697 806
a 698 786 716
a 786 698 716
a 698 789 1686
a 789 698 1686
a 699 790 672
a 790 699 672
a 699 791 1858
a 791 699 1858
a 700 792 713
a 792 700 713
a 700 793 202
a 793 700 202
a 701 794 2442
a 794 701 2442
a 701 795 2118
a 795 701 2118
a 704 796 619
a 796 704 619
a 704 797 793
a 797 704 793
a 707 798 431
a 798 707 431
a 708 799 497
a 799 708 497
a 710 800 2104
a 800 710 2104
a 711 801 1240
a 801 711 1240
a 711 802 2371
a 802 711 2371
a 712 713 1795
a 713 712 1795
a 712 802 1651
a 802 712 1651
a 714 803 2208
a 803 714 2208
a 715 804 659
a 804 715 659
a 715 805 349
a 805 715 349
a 716 806 571
a 806 716 571
a 717 807 444
a 807 717 444
a 717 808 808
a 808 717 808
a 718 809 698
a 809 718 698
a 719 810 788
a 810 719 788
a 719 811 2587
a 811 719 2587
a 720 812 760
a 812 720 760
a 721 722 1232
a 722 721 1232
a 721 812 1327
a 812 721 1327
a 721 813 756
a 813 721 756
a 722 814 753
a 814 722 753
a 723 815 706
a 815 723 706
a 724 815 574
a 815 724 574
a 724 816 355
a 816 724 355
a 725 817 818
a 817 725 818
a 726 817 1223
a 817 726 1223
a 726 818 866
a 818 726 866
a 727 817 1341
a 817 727 1341
a 727 819 1138
a 819 727 1138
a 727 820 770
a 820 727 770
a 728 819 830
a 819 728 830
a 728 821 1267
a 821 728 1267
a 729 822 814
a 822 729 814
a 729 823 1179
a 823 729 1179
a 729 824 813
a 824 729 813
a 730 825 885
a 825 730 885
a 730 826 1375
a 826 730 1375
a 731 735 817
a 735 731 817
a 731 827 676
a 827 731 676
a 732 733 996
a 733 732 996
a 732 827 894
a 827 732 894
a 733 828 1114
a 828 733 1114
a 733 829 1361
a 829 733 1361
a 735 830 786
a 830 735 786
a 735 831 1692
a 831 735 1692
a 736 830 938
a 830 736 938
a 736 832 761
a 832 736 761
a 737 833 1148
a 833 737 1148
a 737 834 789
a 834 737 789
a 738 833 881
a 833 738 881
a 738 835 775
a 835 738 775
a 739 742 204
a 742 739 204
a 739 836 2504
a 836 739 2504
a 740 837 770
a 837 740 770
a 742 838 529
a 838 742 529
a 743 744 734
a 744 743 734
a 743 838 275
a 838 743 275
a 744 839 2100
a 839 744 2100
a 745 839 857
a 839 745 857
a 745 840 2621
a 840 745 2621
a 745 841 648
a 841 745 648
a 746 841 2124
a 841 746 2124
a 746 842 827
a 842 746 827
a 747 842 1310
a 842 747 1310
a 747 843 731
a 843 747 731
a 748 749 481
a 749 748 481
a 748 844 384
a 844 748 384
a 751 752 1453
a 752 751 1453
a 751 759 842
a 759 751 842
a 752 845 926
a 845 752 926
a 753 846 736
a 846 753 736
a 754 846 2243
a 846 754 2243
a 755 847 862
a 847 755 862
a 755 848 590
a 848 755 590
a 756 849 2973
a 849 756 2973
a 756 850 2023
a 850 756 2023
a 756 851 8304
a 851 756 8304
a 759 845 1418
a 845 759 1418
a 761 852 730
a 852 761 730
a 761 853 3182
a 853 761 3182
a 761 854 1701
a 854 761 1701
a 762 854 818
a 854 762 818
a 763 764 2589
a 764 763 2589
a 763 855 777
a 855 763 777
a 764 767 1223
a 767 764 1223
a 764 773 832
a 773 764 832
a 766 767 73
a 767 766 73
a 767 774 426
a 774 767 426
a 768 856 1139
a 856 768 1139
a 769 857 842
a 857 769 842
a 769 858 1309
a 858 769 1309
a 770 859 2732
a 859 770 2732
a 771 858 791
a 858 771 791
a 771 860 3082
a 860 771 3082
a 772 853 902
a 853 772 902
a 772 855 768
a 855 772 768
a 772 859 924
a 859 772 924
a 773 855 2698
a 855 773 2698
a 775 779 824
a 779 775 824
a 775 861 2567
a 861 775 2567
a 775 862 985
a 862 775 985
a 776 862 2054
a 862 776 2054
a 776 863 841
a 863 776 841
a 777 778 733
a 778 777 733
a 777 843 1186
a 843 777 1186
a 777 864 808
a 864 777 808
a 778 844 1241
a 844 778 1241
a 779 865 2752
a 865 779 2752
a 780 865 837
a 865 780 837
a 780 866 1560
a 866 780 1560
a 781 867 862
a 867 781 862
a 781 868 1524
a 868 781 1524
a 782 869 701
a 869 782 701
a 782 870 530
a 870 782 530
a 783 785 1459
a 785 783 1459
a 783 870 775
a 870 783 775
a 784 871 732
a 871 784 732
a 785 872 1007
a 872 785 1007
a 785 873 303
a 873 785 303
a 786 874 642
a 874 786 642
a 787 874 894
a 874 787 894
a 787 875 860
a 875 787 860
a 788 875 1385
a 875 788 1385
a 788 876 788
a 876 788 788
a 789 871 2107
a 871 789 2107
a 789 877 2157
a 877 789 2157
a 789 878 830
a 878 789 830
a 790 879 736
a 879 790 736
a 790 880 1791
a 880 790 1791
a 791 880 751
a 880 791 751
a 791 881 914
a 881 791 914
a 793 882 463
a 882 793 463
a 793 883 468
a 883 793 468
a 794 884 1747
a 884 794 1747
a 794 885 511
a 885 794 511
a 795 886 3045
a 886 795 3045
a 795 887 633
a 887 795 633
a 798 888 70
a 888 798 70
a 798 889 1035
a 889 798 1035
a 799 890 3303
a 890 799 3303
a 799 891 1717
a 891 799 1717
a 800 890 323
a 890 800 323
a 800 892 1093
a 892 800 1093
a 801 893 1718
a 893 801 1718
a 801 894 1369
a 894 801 1369
a 802 895 1183
a 895 802 1183
a 803 896 230
a 896 803 230
a 804 807 344
a 807 804 344
a 806 808 1557
a 808 806 1557
a 806 897 988
a 897 806 988
a 808 898 853
a 898 808 853
a 809 834 928
a 834 809 928
a 809 899 1203
a 899 809 1203
a 810 900 2525
a 900 810 2525
a 810 901 763
a 901 810 763
a 811 900 805
a 900 811 805
a 811 902 738
a 902 811 738
a 811 903 2015
a 903 811 2015
a 812 904 735
a 904 812 735
a 813 905 237
a 905 813 237
a 813 906 560
a 906 813 560
a 814 907 283
a 907 814 283
a 814 908 549
a 908 814 549
a 815 909 2345
a 909 815 2345
a 816 908 739
a 908 816 739
a 816 910 2316
a 910 816 2316
a 817 911 803
a 911 817 803
a 818 822 802
a 822 818 802
a 818 911 1196
a 911 818 1196
a 819 912 841
a 912 819 841
a 820 911 1207
a 911 820 1207
a 820 912 1170
a 912 820 1170
a 820 913 742
a 913 820 742
a 821 914 3080
a 914 821 3080
a 821 915 782
a 915 821 782
a 821 916 1072
a 916 821 1072
a 822 917 1282
a 917 822 1282
a 823 917 818
a 917 823 818
a 823 918 1334
a 918 823 1334
a 823 919 827
a 919 823 827
a 824 825 906
a 825 824 906
a 824 919 1142
a 919 824 1142
a 825 920 1280
a 920 825 1280
a 825 921 797
a 921 825 797
a 826 829 1390
a 829 826 1390
a 826 922 909
a 922 826 909
a 827 828 1021
a 828 827 1021
a 828 831 751
a 831 828 751
a 829 923 910
a 923 829 910
a 830 924 847
a 924 830 847
a 830 925 1722
a 925 830 1722
a 831 925 980
a 925 831 980
a 832 924 902
a 924 832 902
a 833 926 739
a 926 833 739
a 834 926 1156
a 926 834 1156
a 834 927 361
a 927 834 361
a 835 928 828
a 928 835 828
a 835 929 1440
a 929 835 1440
a 836 930 819
a 930 836 819
a 836 931 1245
a 931 836 1245
a 836 932 861
a 932 836 861
a 837 933 349
a 933 837 349
a 837 934 383
a 934 837 383
a 837 935 246
a 935 837 246
a 838 936 858
a 936 838 858
a 839 937 1447
a 937 839 1447
a 839 938 782
a 938 839 782
a 840 939 623
a 939 840 623
a 840 940 1004
a 940 840 1004
a 840 941 398
a 941 840 398
a 841 942 328
a 942 841 328
a 842 943 2091
a 943 842 2091
a 842 944 785
a 944 842 785
a 843 844 888
a 844 843 888
a 843 945 751
a 945 843 751
a 846 946 915
a 946 846 915
a 847 947 1100
a 947 847 1100
a 847 948 747
a 948 847 747
a 848 933 1666
a 933 848 1666
a 848 949 513
a 949 848 513
a 849 950 2675
a 950 849 2675
a 849 951 6744
a 951 849 6744
a 852 952 271
a 952 852 271
a 852 953 822
a 953 852 822
a 853 954 753
a 954 853 753
a 854 955 822
a 955 854 822
a 856 956 1515
a 956 856 1515
a 857 957 770
a 957 857 770
a 857 958 341
a 958 857 341
a 858 959 2415
a 959 858 2415
a 859 860 838
a 860 859 838
a 859 960 825
a 960 859 825
a 860 961 787
a 961 860 787
a 861 865 842
a 865 861 842
a 861 962 1154
a 962 861 1154
a 862 962 2511
a 962 862 2511
a 862 963 801
a 963 862 801
a 863 864 604
a 864 863 604
a 863 944 1085
a 944 863 1085
a 863 963 2068
a 963 863 2068
a 864 945 1153
a 945 864 1153
a 866 964 257
a 964 866 257
a 866 965 732
a 965 866 732
a 867 869 1412
a 869 867 1412
a 867 965 2721
a 965 867 2721
a 867 966 820
a 966 867 820
a 869 967 620
a 967 869 620
a 870 968 483
a 968 870 483
a 871 873 2014
a 873 871 2014
a 871 969 1032
a 969 871 1032
a 872 968 1274
a 968 872 1274
a 872 969 2170
a 969 872 2170
a 872 970 517
a 970 872 517
a 874 971 842
a 971 874 842
a 875 971 930
a 971 875 930
a 875 972 824
a 972 875 824
a 876 972 1368
a 972 876 1368
a 876 973 568
a 973 876 568
a 877 974 609
a 974 877 609
a 877 975 1684
a 975 877 1684
a 878 976 1594
a 976 878 1594
a 879 977 1386
a 977 879 1386
a 879 978 985
a 978 879 985
a 880 979 884
a 979 880 884
a 881 980 1682
a 980 881 1682
a 881 981 729
a 981 881 729
a 882 982 1382
a 982 882 1382
a 882 983 705
a 983 882 705
a 884 886 2308
a 886 884 2308
a 884 984 368
a 984 884 368
a 885 985 498
a 985 885 498
a 885 986 47
a 986 885 47
a 886 987 2726
a 987 886 2726
a 887 988 35
a 988 887 35
a 887 989 11
a 989 887 11
a 887 990 3013
a 990 887 3013
a 888 891 901
a 891 888 901
a 888 991 84
a 991 888 84
a 891 992 200
a 992 891 200
a 892 993 1862
a 993 892 1862
a 892 994 951
a 994 892 951
a 893 995 491
a 995 893 491
a 893 996 549
a 996 893 549
a 894 997 168
a 997 894 168
a 894 998 513
a 998 894 513
a 895 999 84
a 999 895 84
a 895 1000 200
a 1000 895 200
a 896 1000 1368
a 1000 896 1368
a 897 1001 856
a 1001 897 856
a 897 1002 1064
a 1002 897 1064
a 898 1002 388
a 1002 898 388
a 898 1003 286
a 1003 898 286
a 899 926 1206
a 926 899 1206
a 899 1004 749
a 1004 899 749
a 900 1005 776
a 1005 900 776
a 900 1006 2031
a 1006 900 2031
a 901 1005 2349
a 1005 901 2349
a 901 1007 801
a 1007 901 801
a 902 904 312
a 904 902 312
a 902 1008 1859
a 1008 902 1859
a 903 1006 817
a 1006 903 817
a 903 1009 801
a 1009 903 801
a 903 1010 2071
a 1010 903 2071
