c In this file, the DIMACS format is extended by allowing arcs of infinite weight.
c These are specified by "a U V inf", where U and V are vertex IDs.
p sp 136 290
a 1 2 3181
a 2 1 3181
a 1 3 3377
a 3 1 3377
a 1 4 4297
a 4 1 4297
a 2 5 2878
a 5 2 2878
a 2 6 2697
a 6 2 2697
a 3 7 11353
a 7 3 11353
a 3 8 1277
a 8 3 1277
a 3 9 3028
a 9 3 3028
a 4 10 1380
a 10 4 1380
a 4 11 1004
a 11 4 1004
a 5 12 6658
a 12 5 6658
a 5 13 2203
a 13 5 2203
a 7 14 4837
a 14 7 4837
a 7 15 1109
a 15 7 1109
a 8 16 3590
a 16 8 3590
a 9 17 3591
a 17 9 3591
a 9 18 1248
a 18 9 1248
a 10 19 2662
a 19 10 2662
a 12 20 1296
a 20 12 1296
a 12 21 3652
a 21 12 3652
a 14 22 4531
a 22 14 4531
a 14 23 1183
a 23 14 1183
a 15 24 2517
a 24 15 2517
a 16 25 5465
a 25 16 5465
a 16 26 373
a 26 16 373
a 17 27 637
a 27 17 637
a 19 28 2007
a 28 19 2007
a 19 29 1901
a 29 19 1901
a 20 30 610
a 30 20 610
a 22 31 1721
a 31 22 1721
a 22 32 2634
a 32 22 2634
a 23 33 941
a 33 23 941
a 25 34 2882
a 34 25 2882
a 25 35 2295
a 35 25 2295
a 26 36 5388
a 36 26 5388
a 26 37 2196
a 37 26 2196
a 27 28 1853
a 28 27 1853
a 27 38 4030
a 38 27 4030
a 28 39 2628
a 39 28 2628
a 29 40 2004
a 40 29 2004
a 29 41 1337
a 41 29 1337
a 30 42 3099
a 42 30 3099
a 30 43 950
a 43 30 950
a 33 44 1315
a 44 33 1315
a 33 45 2070
a 45 33 2070
a 34 46 2773
a 46 34 2773
a 34 47 3536
a 47 34 3536
a 35 48 2046
a 48 35 2046
a 35 49 3424
a 49 35 3424
a 36 50 105
a 50 36 105
a 36 51 71
a 51 36 71
a 37 52 1421
a 52 37 1421
a 37 53 1483
a 53 37 1483
a 38 54 1768
a 54 38 1768
a 38 55 2028
a 55 38 2028
a 39 56 3296
a 56 39 3296
a 39 57 2477
a 57 39 2477
a 40 58 1543
a 58 40 1543
a 41 59 2348
a 59 41 2348
a 42 60 556
a 60 42 556
a 42 61 893
a 61 42 893
a 43 61 2853
a 61 43 2853
a 43 62 649
a 62 43 649
a 44 63 1873
a 63 44 1873
a 44 64 3613
a 64 44 3613
a 47 65 475
a 65 47 475
a 47 66 3610
a 66 47 3610
a 48 52 2126
a 52 48 2126
a 48 67 1858
a 67 48 1858
a 49 68 791
a 68 49 791
a 50 69 2850
a 69 50 2850
a 51 70 1541
a 70 51 1541
a 52 71 2126
a 71 52 2126
a 56 72 3799
a 72 56 3799
a 56 73 3853
a 73 56 3853
a 58 74 2118
a 74 58 2118
a 59 75 2514
a 75 59 2514
a 60 76 8451
a 76 60 8451
a 61 77 1114
a 77 61 1114
a 61 78 2367
a 78 61 2367
a 62 77 2525
a 77 62 2525
a 62 79 1357
a 79 62 1357
a 63 80 3280
a 80 63 3280
a 63 81 605
a 81 63 605
a 64 82 3637
a 82 64 3637
a 64 83 1770
a 83 64 1770
a 65 84 517
a 84 65 517
a 65 85 2956
a 85 65 2956
a 66 86 4891
a 86 66 4891
a 67 68 657
a 68 67 657
a 68 87 884
a 87 68 884
a 69 71 1871
a 71 69 1871
a 69 88 2003
a 88 69 2003
a 72 89 925
a 89 72 925
a 72 90 3851
a 90 72 3851
a 73 91 403
a 91 73 403
a 73 92 836
a 92 73 836
a 74 75 1696
a 75 74 1696
a 77 93 967
a 93 77 967
a 77 94 2977
a 94 77 2977
a 79 95 2030
a 95 79 2030
a 79 96 2666
a 96 79 2666
a 79 97 1962
a 97 79 1962
a 80 98 2490
a 98 80 2490
a 80 99 4547
a 99 80 4547
a 81 100 1212
a 100 81 1212
a 81 101 1267
a 101 81 1267
a 82 98 2643
a 98 82 2643
a 83 102 2744
a 102 83 2744
a 83 103 963
a 103 83 963
a 84 104 1357
a 104 84 1357
a 84 105 3152
a 105 84 3152
a 85 106 3720
a 106 85 3720
a 85 107 2219
a 107 85 2219
a 86 108 1605
a 108 86 1605
a 88 109 537
a 109 88 537
a 88 110 3689
a 110 88 3689
a 89 111 1434
a 111 89 1434
a 92 112 1797
a 112 92 1797
a 93 95 147
a 95 93 147
a 93 113 2189
a 113 93 2189
a 95 114 2402
a 114 95 2402
a 96 115 827
a 115 96 827
a 96 116 1345
a 116 96 1345
a 96 117 944
a 117 96 944
a 97 118 827
a 118 97 827
a 99 119 2664
a 119 99 2664
a 99 120 3994
a 120 99 3994
a 100 121 1903
a 121 100 1903
a 101 122 209
a 122 101 209
a 102 123 2811
a 123 102 2811
a 102 124 2656
a 124 102 2656
a 103 125 709
a 125 103 709
a 103 126 3038
a 126 103 3038
a 106 127 1364
a 127 106 1364
a 106 128 3589
a 128 106 3589
a 108 129 4296
a 129 108 4296
a 109 130 1885
a 130 109 1885
a 109 131 4636
a 131 109 4636
a 110 132 1672
a 132 110 1672
a 110 133 1161
a 133 110 1161
a 111 134 682
a 134 111 682
a 111 135 2240
a 135 111 2240
a 112 136 1085
a 136 112 1085
a 130 131 4976
a 131 130 4976
