c In this file, the DIMACS format is extended by allowing arcs of infinite weight.
c These are specified by "a U V inf", where U and V are vertex IDs.
p sp 1600 3758
a 1 2 769
a 2 1 769
a 2 3 2100
a 3 2 2100
a 3 4 1000
a 4 3 1000
a 3 5 333
a 5 3 333
a 4 6 2823
a 6 4 2823
a 4 7 556
a 7 4 556
a 5 8 1762
a 8 5 1762
a 5 9 1334
a 9 5 1334
a 6 10 808
a 10 6 808
a 6 11 1343
a 11 6 1343
a 7 12 778
a 12 7 778
a 7 13 2096
a 13 7 2096
a 9 14 1679
a 14 9 1679
a 9 15 1225
a 15 9 1225
a 10 16 1338
a 16 10 1338
a 10 17 1005
a 17 10 1005
a 11 18 1011
a 18 11 1011
a 11 19 1466
a 19 11 1466
a 12 20 893
a 20 12 893
a 12 21 2203
a 21 12 2203
a 13 21 562
a 21 13 562
a 13 22 889
a 22 13 889
a 14 23 268
a 23 14 268
a 14 24 687
a 24 14 687
a 15 25 1428
a 25 15 1428
a 15 26 672
a 26 15 672
a 18 27 2783
a 27 18 2783
a 18 28 2338
a 28 18 2338
a 19 28 1844
a 28 19 1844
a 19 29 1436
a 29 19 1436
a 20 30 1234
a 30 20 1234
a 20 31 2716
a 31 20 2716
a 21 32 835
a 32 21 835
a 22 33 1089
a 33 22 1089
a 22 34 667
a 34 22 667
a 25 35 921
a 35 25 921
a 25 36 1904
a 36 25 1904
a 26 37 562
a 37 26 562
a 26 38 980
a 38 26 980
a 27 39 1719
a 39 27 1719
a 27 40 1626
a 40 27 1626
a 29 41 874
a 41 29 874
a 30 42 1872
a 42 30 1872
a 30 43 4112
a 43 30 4112
a 30 44 1385
a 44 30 1385
a 31 32 139
a 32 31 139
a 31 45 2948
a 45 31 2948
a 32 46 1221
a 46 32 1221
a 35 47 511
a 47 35 511
a 35 48 1027
a 48 35 1027
a 36 49 679
a 49 36 679
a 36 50 419
a 50 36 419
a 37 51 344
a 51 37 344
a 38 52 1606
a 52 38 1606
a 38 53 945
a 53 38 945
a 39 42 251
a 42 39 251
a 39 54 1029
a 54 39 1029
a 42 55 713
a 55 42 713
a 43 56 2152
a 56 43 2152
a 43 57 837
a 57 43 837
a 44 58 795
a 58 44 795
a 44 59 1469
a 59 44 1469
a 45 60 261
a 60 45 261
a 46 61 1065
a 61 46 1065
a 46 62 1595
a 62 46 1595
a 47 63 2764
a 63 47 2764
a 47 64 1000
a 64 47 1000
a 48 49 778
a 49 48 778
a 48 65 2410
a 65 48 2410
a 49 66 562
a 66 49 562
a 50 51 2022
a 51 50 2022
a 51 67 1336
a 67 51 1336
a 52 68 578
a 68 52 578
a 52 69 974
a 69 52 974
a 53 69 1471
a 69 53 1471
a 53 70 2783
a 70 53 2783
a 53 71 1890
a 71 53 1890
a 54 72 1089
a 72 54 1089
a 54 73 1004
a 73 54 1004
a 55 74 401
a 74 55 401
a 55 75 493
a 75 55 493
a 56 57 2457
a 57 56 2457
a 56 76 905
a 76 56 905
a 57 77 562
a 77 57 562
a 58 78 1396
a 78 58 1396
a 58 79 2114
a 79 58 2114
a 61 80 2747
a 80 61 2747
a 61 81 1477
a 81 61 1477
a 62 81 1796
a 81 62 1796
a 62 82 2265
a 82 62 2265
a 63 64 2939
a 64 63 2939
a 63 83 1349
a 83 63 1349
a 65 84 667
a 84 65 667
a 66 84 2264
a 84 66 2264
a 66 85 1159
a 85 66 1159
a 67 86 1000
a 86 67 1000
a 67 87 1607
a 87 67 1607
a 69 71 2229
a 71 69 2229
a 69 88 1872
a 88 69 1872
a 70 89 1919
a 89 70 1919
a 70 90 679
a 90 70 679
a 71 90 1767
a 90 71 1767
a 72 91 2438
a 91 72 2438
a 72 92 1124
a 92 72 1124
a 74 93 1565
a 93 74 1565
a 74 94 1366
a 94 74 1366
a 76 95 2320
a 95 76 2320
a 76 96 924
a 96 76 924
a 78 97 1485
a 97 78 1485
a 78 98 1926
a 98 78 1926
a 80 81 1304
a 81 80 1304
a 80 99 373
a 99 80 373
a 82 100 1852
a 100 82 1852
a 82 101 1219
a 101 82 1219
a 83 102 1114
a 102 83 1114
a 83 103 1160
a 103 83 1160
a 83 104 1721
a 104 83 1721
a 84 105 1267
a 105 84 1267
a 85 105 1345
a 105 85 1345
a 85 106 402
a 106 85 402
a 85 107 1621
a 107 85 1621
a 86 106 3379
a 106 86 3379
a 86 108 562
a 108 86 562
a 88 109 556
a 109 88 556
a 88 110 1626
a 110 88 1626
a 89 111 1094
a 111 89 1094
a 89 112 1206
a 112 89 1206
a 90 113 1333
a 113 90 1333
a 91 114 1031
a 114 91 1031
a 91 115 671
a 115 91 671
a 92 116 762
a 116 92 762
a 92 117 681
a 117 92 681
a 93 118 1111
a 118 93 1111
a 93 119 1011
a 119 93 1011
a 95 120 2222
a 120 95 2222
a 95 121 1014
a 121 95 1014
a 96 122 475
a 122 96 475
a 97 123 1399
a 123 97 1399
a 97 124 4200
a 124 97 4200
a 100 125 3593
a 125 100 3593
a 100 126 2304
a 126 100 2304
a 102 127 1119
a 127 102 1119
a 102 128 1024
a 128 102 1024
a 105 129 1193
a 129 105 1193
a 107 130 1392
a 130 107 1392
a 107 131 2299
a 131 107 2299
a 108 111 1392
a 111 108 1392
a 108 132 1690
a 132 108 1690
a 110 133 2948
a 133 110 2948
a 110 134 1457
a 134 110 1457
a 111 135 1248
a 135 111 1248
a 112 113 2084
a 113 112 2084
a 112 136 2087
a 136 112 2087
a 113 137 706
a 137 113 706
a 114 138 1675
a 138 114 1675
a 114 139 1099
a 139 114 1099
a 115 140 696
a 140 115 696
a 115 141 1000
a 141 115 1000
a 116 120 4039
a 120 116 4039
a 116 139 1089
a 139 116 1089
a 117 120 3343
a 120 117 3343
a 117 142 982
a 142 117 982
a 118 121 1031
a 121 118 1031
a 118 143 845
a 143 118 845
a 121 144 1059
a 144 121 1059
a 122 145 2105
a 145 122 2105
a 122 146 452
a 146 122 452
a 123 145 2382
a 145 123 2382
a 123 147 3965
a 147 123 3965
a 124 148 1536
a 148 124 1536
a 124 149 2181
a 149 124 2181
a 125 150 2205
a 150 125 2205
a 125 151 1511
a 151 125 1511
a 126 152 1193
a 152 126 1193
a 126 153 1406
a 153 126 1406
a 127 154 373
a 154 127 373
a 127 155 433
a 155 127 433
a 130 131 1806
a 131 130 1806
a 130 156 335
a 156 130 335
a 131 157 1669
a 157 131 1669
a 132 158 1637
a 158 132 1637
a 132 159 2767
a 159 132 2767
a 133 137 2578
a 137 133 2578
a 133 160 1573
a 160 133 1573
a 135 161 1345
a 161 135 1345
a 135 162 893
a 162 135 893
a 136 162 1219
a 162 136 1219
a 136 163 1134
a 163 136 1134
a 137 164 1345
a 164 137 1345
a 139 165 1234
a 165 139 1234
a 140 166 1829
a 166 140 1829
a 140 167 738
a 167 140 738
a 145 168 2082
a 168 145 2082
a 145 169 2716
a 169 145 2716
a 146 170 905
a 170 146 905
a 148 171 674
a 171 148 674
a 149 172 2948
a 172 149 2948
a 149 173 1177
a 173 149 1177
a 150 174 608
a 174 150 608
a 150 175 1542
a 175 150 1542
a 151 176 659
a 176 151 659
a 151 177 5673
a 177 151 5673
a 152 178 549
a 178 152 549
a 152 179 4088
a 179 152 4088
a 153 177 974
a 177 153 974
a 153 180 1539
a 180 153 1539
a 154 181 905
a 181 154 905
a 156 158 627
a 158 156 627
a 157 182 948
a 182 157 948
a 157 183 1872
a 183 157 1872
a 158 184 3701
a 184 158 3701
a 159 185 363
a 185 159 363
a 160 164 2044
a 164 160 2044
a 160 186 1277
a 186 160 1277
a 160 187 1343
a 187 160 1343
a 162 188 238
a 188 162 238
a 163 189 672
a 189 163 672
a 163 190 1131
a 190 163 1131
a 164 191 3997
a 191 164 3997
a 164 192 2229
a 192 164 2229
a 166 193 835
a 193 166 835
a 166 194 1855
a 194 166 1855
a 167 195 729
a 195 167 729
a 167 196 584
a 196 167 584
a 170 197 1846
a 197 170 1846
a 170 198 672
a 198 170 672
a 170 199 1896
a 199 170 1896
a 171 200 904
a 200 171 904
a 171 201 1145
a 201 171 1145
a 172 202 845
a 202 172 845
a 172 203 1423
a 203 172 1423
a 173 204 4272
a 204 173 4272
a 173 205 1981
a 205 173 1981
a 176 206 518
a 206 176 518
a 176 207 1074
a 207 176 1074
a 177 208 762
a 208 177 762
a 178 187 1713
a 187 178 1713
a 178 209 870
a 209 178 870
a 179 180 1188
a 180 179 1188
a 179 210 1525
a 210 179 1525
a 180 211 1951
a 211 180 1951
a 181 196 3673
a 196 181 3673
a 181 212 2000
a 212 181 2000
a 182 213 251
a 213 182 251
a 183 214 2340
a 214 183 2340
a 184 215 706
a 215 184 706
a 184 216 749
a 216 184 749
a 185 217 1686
a 217 185 1686
a 185 218 2473
a 218 185 2473
a 187 219 2023
a 219 187 2023
a 188 218 905
a 218 188 905
a 188 220 1790
a 220 188 1790
a 189 221 889
a 221 189 889
a 189 222 3278
a 222 189 3278
a 190 223 1242
a 223 190 1242
a 190 224 998
a 224 190 998
a 191 225 445
a 225 191 445
a 191 226 2737
a 226 191 2737
a 193 227 1332
a 227 193 1332
a 194 228 689
a 228 194 689
a 196 229 6583
a 229 196 6583
a 197 230 2281
a 230 197 2281
a 198 231 511
a 231 198 511
a 199 232 335
a 232 199 335
a 204 233 1796
a 233 204 1796
a 204 234 5191
a 234 204 5191
a 206 235 1000
a 235 206 1000
a 208 236 2731
a 236 208 2731
a 208 237 2245
a 237 208 2245
a 211 237 1611
a 237 211 1611
a 211 238 1876
a 238 211 1876
a 213 239 1114
a 239 213 1114
a 213 240 1424
a 240 213 1424
a 214 241 1428
a 241 214 1428
a 214 242 1852
a 242 214 1852
a 215 217 473
a 217 215 473
a 215 243 1031
a 243 215 1031
a 217 244 2286
a 244 217 2286
a 218 244 1031
a 244 218 1031
a 221 245 2143
a 245 221 2143
a 222 245 845
a 245 222 845
a 222 246 921
a 246 222 921
a 223 247 465
a 247 223 465
a 225 248 1178
a 248 225 1178
a 225 249 1004
a 249 225 1004
a 226 250 1344
a 250 226 1344
a 226 251 597
a 251 226 597
a 226 252 1254
a 252 226 1254
a 227 253 2513
a 253 227 2513
a 227 254 1492
a 254 227 1492
a 229 255 3192
a 255 229 3192
a 230 256 251
a 256 230 251
a 231 257 344
a 257 231 344
a 232 258 8456
a 258 232 8456
a 232 259 866
a 259 232 866
a 233 260 2340
a 260 233 2340
a 233 261 2596
a 261 233 2596
a 233 262 2761
a 262 233 2761
a 234 263 4365
a 263 234 4365
a 237 264 580
a 264 237 580
a 238 265 3963
a 265 238 3963
a 239 266 1412
a 266 239 1412
a 239 267 889
a 267 239 889
a 240 268 238
a 268 240 238
a 240 269 1021
a 269 240 1021
a 241 270 1559
a 270 241 1559
a 241 271 1222
a 271 241 1222
a 242 271 611
a 271 242 611
a 242 272 333
a 272 242 333
a 244 273 2783
a 273 244 2783
a 246 249 1344
a 249 246 1344
a 246 274 556
a 274 246 556
a 247 275 880
a 275 247 880
a 247 276 2522
a 276 247 2522
a 248 277 2278
a 277 248 2278
a 248 278 1919
a 278 248 1919
a 249 279 2434
a 279 249 2434
a 252 280 1414
a 280 252 1414
a 253 281 2277
a 281 253 2277
a 253 282 1004
a 282 253 1004
a 254 283 1897
a 283 254 1897
a 254 284 3700
a 284 254 3700
a 254 285 3680
a 285 254 3680
a 256 285 4266
a 285 256 4266
a 257 286 2982
a 286 257 2982
a 257 287 344
a 287 257 344
a 258 288 4574
a 288 258 4574
a 258 289 2524
a 289 258 2524
a 258 290 5002
a 290 258 5002
a 260 291 1531
a 291 260 1531
a 260 292 910
a 292 260 910
a 261 293 3744
a 293 261 3744
a 262 294 1559
a 294 262 1559
a 262 295 1814
a 295 262 1814
a 263 264 1906
a 264 263 1906
a 263 296 1790
a 296 263 1790
a 264 297 1276
a 297 264 1276
a 265 298 1968
a 298 265 1968
a 265 299 1939
a 299 265 1939
a 266 300 1572
a 300 266 1572
a 266 301 2138
a 301 266 2138
a 267 302 1492
a 302 267 1492
a 267 303 353
a 303 267 353
a 269 304 1530
a 304 269 1530
a 269 305 679
a 305 269 679
a 270 306 762
a 306 270 762
a 270 307 1445
a 307 270 1445
a 271 308 1252
a 308 271 1252
a 272 309 687
a 309 272 687
a 273 275 2086
a 275 273 2086
a 273 310 1786
a 310 273 1786
a 274 280 3017
a 280 274 3017
a 274 311 556
a 311 274 556
a 275 312 3064
a 312 275 3064
a 276 311 2094
a 311 276 2094
a 276 312 1111
a 312 276 1111
a 278 313 687
a 313 278 687
a 278 314 1059
a 314 278 1059
a 280 315 2155
a 315 280 2155
a 281 316 1621
a 316 281 1621
a 281 317 417
a 317 281 417
a 282 318 3392
a 318 282 3392
a 282 319 1014
a 319 282 1014
a 283 320 3802
a 320 283 3802
a 283 321 2778
a 321 283 2778
a 284 322 1584
a 322 284 1584
a 286 323 2044
a 323 286 2044
a 286 324 1275
a 324 286 1275
a 287 325 1031
a 325 287 1031
a 288 326 3139
a 326 288 3139
a 288 327 2716
a 327 288 2716
a 289 328 2062
a 328 289 2062
a 289 329 2918
a 329 289 2918
a 290 330 1263
a 330 290 1263
a 292 328 1591
a 328 292 1591
a 292 331 3765
a 331 292 3765
a 295 332 1248
a 332 295 1248
a 295 333 1443
a 333 295 1443
a 296 334 2458
a 334 296 2458
a 296 335 928
a 335 296 928
a 297 336 2445
a 336 297 2445
a 297 337 2261
a 337 297 2261
a 298 338 1082
a 338 298 1082
a 298 339 2205
a 339 298 2205
a 299 340 1572
a 340 299 1572
a 299 341 3015
a 341 299 3015
a 300 342 201
a 342 300 201
a 300 343 847
a 343 300 847
a 304 306 535
a 306 304 535
a 306 344 713
a 344 306 713
a 308 345 4306
a 345 308 4306
a 308 346 475
a 346 308 475
a 309 347 1062
a 347 309 1062
a 309 348 983
a 348 309 983
a 310 349 1572
a 349 310 1572
a 310 350 1334
a 350 310 1334
a 311 351 1014
a 351 311 1014
a 312 351 2264
a 351 312 2264
a 315 338 1104
a 338 315 1104
a 315 352 1111
a 352 315 1111
a 316 318 581
a 318 316 581
a 316 353 452
a 353 316 452
a 318 354 1454
a 354 318 1454
a 320 355 1565
a 355 320 1565
a 320 356 845
a 356 320 845
a 321 357 2621
a 357 321 2621
a 321 358 2177
a 358 321 2177
a 322 359 168
a 359 322 168
a 323 360 3808
a 360 323 3808
a 323 361 2038
a 361 323 2038
a 324 362 251
a 362 324 251
a 325 363 1919
a 363 325 1919
a 325 364 2207
a 364 325 2207
a 326 365 696
a 365 326 696
a 326 366 712
a 366 326 712
a 328 367 4116
a 367 328 4116
a 329 368 1662
a 368 329 1662
a 329 369 1895
a 369 329 1895
a 330 370 4843
a 370 330 4843
a 334 371 928
a 371 334 928
a 335 371 2458
a 371 335 2458
a 335 372 335
a 372 335 335
a 336 337 1114
a 337 336 1114
a 336 372 1014
a 372 336 1014
a 337 373 1063
a 373 337 1063
a 338 374 891
a 374 338 891
a 340 341 2575
a 341 340 2575
a 340 375 928
a 375 340 928
a 341 376 1137
a 376 341 1137
a 342 377 557
a 377 342 557
a 345 377 1504
a 377 345 1504
a 345 378 4216
a 378 345 4216
a 345 379 1576
a 379 345 1576
a 346 380 474
a 380 346 474
a 346 381 3152
a 381 346 3152
a 348 382 451
a 382 348 451
a 348 383 382
a 383 348 382
a 349 384 1436
a 384 349 1436
a 349 385 1029
a 385 349 1029
a 350 386 373
a 386 350 373
a 350 387 1686
a 387 350 1686
a 351 388 2170
a 388 351 2170
a 351 389 867
a 389 351 867
a 352 390 948
a 390 352 948
a 352 391 1827
a 391 352 1827
a 352 392 1358
a 392 352 1358
a 353 393 452
a 393 353 452
a 354 394 1796
a 394 354 1796
a 354 395 2285
a 395 354 2285
a 355 396 3807
a 396 355 3807
a 355 397 2141
a 397 355 2141
a 357 398 3183
a 398 357 3183
a 357 399 473
a 399 357 473
a 359 400 875
a 400 359 875
a 360 401 1256
a 401 360 1256
a 360 402 1940
a 402 360 1940
a 361 363 1219
a 363 361 1219
a 361 403 2875
a 403 361 2875
a 362 399 3959
a 399 362 3959
a 362 404 3291
a 404 362 3291
a 363 405 373
a 405 363 373
a 364 405 1539
a 405 364 1539
a 364 406 1065
a 406 364 1065
a 365 366 679
a 366 365 679
a 365 407 2277
a 407 365 2277
a 366 408 627
a 408 366 627
a 369 409 5634
a 409 369 5634
a 369 410 2395
a 410 369 2395
a 370 411 921
a 411 370 921
a 371 412 672
a 412 371 672
a 371 413 1261
a 413 371 1261
a 372 414 1256
a 414 372 1256
a 373 415 676
a 415 373 676
a 373 416 761
a 416 373 761
a 376 417 2933
a 417 376 2933
a 376 418 3029
a 418 376 3029
a 377 419 2570
a 419 377 2570
a 378 420 6311
a 420 378 6311
a 378 421 1905
a 421 378 1905
a 379 422 924
a 422 379 924
a 379 423 4543
a 423 379 4543
a 381 423 1375
a 423 381 1375
a 381 424 1276
a 424 381 1276
a 382 425 508
a 425 382 508
a 382 426 1994
a 426 382 1994
a 383 427 2085
a 427 383 2085
a 383 428 1180
a 428 383 1180
a 384 385 1031
a 385 384 1031
a 384 429 556
a 429 384 556
a 385 430 928
a 430 385 928
a 386 431 1359
a 431 386 1359
a 386 432 1031
a 432 386 1031
a 387 433 950
a 433 387 950
a 387 434 704
a 434 387 704
a 387 435 2204
a 435 387 2204
a 388 389 2358
a 389 388 2358
a 388 436 817
a 436 388 817
a 389 437 1011
a 437 389 1011
a 390 438 883
a 438 390 883
a 390 439 2248
a 439 390 2248
a 391 440 889
a 440 391 889
a 391 441 1178
a 441 391 1178
a 392 442 2032
a 442 392 2032
a 392 443 452
a 443 392 452
a 393 444 883
a 444 393 883
a 394 395 2915
a 395 394 2915
a 394 445 2879
a 445 394 2879
a 395 446 1113
a 446 395 1113
a 397 398 2023
a 398 397 2023
a 397 447 1492
a 447 397 1492
a 398 448 1904
a 448 398 1904
a 399 449 1161
a 449 399 1161
a 400 444 511
a 444 400 511
a 403 450 2007
a 450 403 2007
a 404 451 2409
a 451 404 2409
a 405 452 2199
a 452 405 2199
a 407 453 4305
a 453 407 4305
a 407 454 2541
a 454 407 2541
a 408 455 335
a 455 408 335
a 408 456 5460
a 456 408 5460
a 409 457 1119
a 457 409 1119
a 409 458 1219
a 458 409 1219
a 410 459 2917
a 459 410 2917
a 410 460 2246
a 460 410 2246
a 411 461 3183
a 461 411 3183
a 413 462 778
a 462 413 778
a 413 463 1576
a 463 413 1576
a 414 464 1225
a 464 414 1225
a 414 465 1549
a 465 414 1549
a 415 466 844
a 466 415 844
a 416 467 773
a 467 416 773
a 416 468 674
a 468 416 674
a 417 466 1428
a 466 417 1428
a 417 469 1172
a 469 417 1172
a 418 470 1094
a 470 418 1094
a 418 471 1827
a 471 418 1827
a 419 445 4831
a 445 419 4831
a 420 472 1292
a 472 420 1292
a 420 473 990
a 473 420 990
a 421 474 1139
a 474 421 1139
a 421 475 1267
a 475 421 1267
a 422 476 1762
a 476 422 1762
a 422 477 3728
a 477 422 3728
a 423 478 353
a 478 423 353
a 424 477 1267
a 477 424 1267
a 424 479 1375
a 479 424 1375
a 426 430 373
a 430 426 373
a 427 480 2016
a 480 427 2016
a 427 481 1005
a 481 427 1005
a 430 482 1336
a 482 430 1336
a 431 483 875
a 483 431 875
a 431 484 649
a 484 431 649
a 432 433 1679
a 433 432 1679
a 432 485 1095
a 485 432 1095
a 432 486 2933
a 486 432 2933
a 433 435 2574
a 435 433 2574
a 435 487 768
a 487 435 768
a 436 488 980
a 488 436 980
a 436 489 1178
a 489 436 1178
a 436 490 782
a 490 436 782
a 437 489 3113
a 489 437 3113
a 437 491 670
a 491 437 670
a 438 491 1005
a 491 438 1005
a 439 440 1029
a 440 439 1029
a 439 492 1005
a 492 439 1005
a 440 493 238
a 493 440 238
a 441 494 2428
a 494 441 2428
a 441 495 1095
a 495 441 1095
a 444 496 1159
a 496 444 1159
a 444 497 177
a 497 444 177
a 445 498 762
a 498 445 762
a 447 499 2452
a 499 447 2452
a 447 500 1541
a 500 447 1541
a 448 451 1504
a 451 448 1504
a 448 499 4222
a 499 448 4222
a 448 501 1879
a 501 448 1879
a 449 502 1340
a 502 449 1340
a 450 503 4292
a 503 450 4292
a 451 504 5198
a 504 451 5198
a 452 505 547
a 505 452 547
a 452 506 1586
a 506 452 1586
a 453 507 3219
a 507 453 3219
a 454 508 8775
a 508 454 8775
a 454 509 2221
a 509 454 2221
a 455 510 2843
a 510 455 2843
a 455 511 785
a 511 455 785
a 456 512 1148
a 512 456 1148
a 457 513 1528
a 513 457 1528
a 457 514 1113
a 514 457 1113
a 458 515 796
a 515 458 796
a 458 516 353
a 516 458 353
a 459 517 610
a 517 459 610
a 459 518 2500
a 518 459 2500
a 460 519 1114
a 519 460 1114
a 460 520 714
a 520 460 714
a 461 521 344
a 521 461 344
a 461 522 1591
a 522 461 1591
a 461 523 14441
a 523 461 14441
a 462 464 333
a 464 462 333
a 462 524 1814
a 524 462 1814
a 463 525 2772
a 525 463 2772
a 464 526 433
a 526 464 433
a 465 527 706
a 527 465 706
a 465 528 1161
a 528 465 1161
a 469 529 1340
a 529 469 1340
a 469 530 2113
a 530 469 2113
a 470 531 1786
a 531 470 1786
a 470 532 1512
a 532 470 1512
a 470 533 2496
a 533 470 2496
a 471 533 1271
a 533 471 1271
a 471 534 1900
a 534 471 1900
a 472 535 2348
a 535 472 2348
a 472 536 2109
a 536 472 2109
a 473 537 3188
a 537 473 3188
a 473 538 1102
a 538 473 1102
a 475 539 2810
a 539 475 2810
a 475 540 1750
a 540 475 1750
a 476 541 1160
a 541 476 1160
a 476 542 4001
a 542 476 4001
a 477 542 2469
a 542 477 2469
a 479 543 2138
a 543 479 2138
a 479 544 1381
a 544 479 1381
a 480 545 1011
a 545 480 1011
a 480 546 1014
a 546 480 1014
a 481 545 1906
a 545 481 1906
a 481 547 333
a 547 481 333
a 483 548 201
a 548 483 201
a 483 549 2558
a 549 483 2558
a 486 545 2121
a 545 486 2121
a 486 550 1111
a 550 486 1111
a 487 551 954
a 551 487 954
a 488 551 2203
a 551 488 2203
a 488 552 824
a 552 488 824
a 489 492 1345
a 492 489 1345
a 490 553 1000
a 553 490 1000
a 490 554 4525
a 554 490 4525
a 491 492 3094
a 492 491 3094
a 493 554 667
a 554 493 667
a 493 555 2492
a 555 493 2492
a 494 556 803
a 556 494 803
a 494 557 842
a 557 494 842
a 495 558 1741
a 558 495 1741
a 495 559 515
a 559 495 515
a 496 560 238
a 560 496 238
a 497 561 303
a 561 497 303
a 498 562 3047
a 562 498 3047
a 499 563 902
a 563 499 902
a 502 564 1062
a 564 502 1062
a 502 565 1975
a 565 502 1975
a 503 566 1294
a 566 503 1294
a 503 567 1124
a 567 503 1124
a 505 568 1511
a 568 505 1511
a 505 569 452
a 569 505 452
a 507 570 1897
a 570 507 1897
a 507 571 6610
a 571 507 6610
a 508 572 465
a 572 508 465
a 509 573 3676
a 573 509 3676
a 509 574 748
a 574 509 748
a 511 512 5353
a 512 511 5353
a 511 575 1417
a 575 511 1417
a 515 517 1356
a 517 515 1356
a 516 576 1595
a 576 516 1595
a 518 577 274
a 577 518 274
a 519 578 1855
a 578 519 1855
a 519 579 500
a 579 519 500
a 520 580 254
a 580 520 254
a 521 581 727
a 581 521 727
a 521 582 1493
a 582 521 1493
a 522 583 1137
a 583 522 1137
a 522 584 4971
a 584 522 4971
a 524 585 746
a 585 524 746
a 524 586 234
a 586 524 234
a 525 587 5080
a 587 525 5080
a 525 588 1344
a 588 525 1344
a 525 589 924
a 589 525 924
a 527 590 2113
a 590 527 2113
a 527 591 837
a 591 527 837
a 530 592 111
a 592 530 111
a 532 593 1504
a 593 532 1504
a 532 594 1114
a 594 532 1114
a 532 595 1508
a 595 532 1508
a 533 596 1505
a 596 533 1505
a 534 597 2003
a 597 534 2003
a 534 598 1478
a 598 534 1478
a 535 536 1176
a 536 535 1176
a 535 537 1595
a 537 535 1595
a 537 599 1592
a 599 537 1592
a 538 600 2131
a 600 538 2131
a 538 601 2927
a 601 538 2927
a 539 602 2784
a 602 539 2784
a 539 603 1375
a 603 539 1375
a 542 604 3288
a 604 542 3288
a 542 605 1124
a 605 542 1124
a 543 606 667
a 606 543 667
a 543 607 1670
a 607 543 1670
a 546 550 2951
a 550 546 2951
a 546 608 1084
a 608 546 1084
a 550 609 556
a 609 550 556
a 551 610 1084
a 610 551 1084
a 552 610 1059
a 610 552 1059
a 552 611 2424
a 611 552 2424
a 553 612 1161
a 612 553 1161
a 553 613 1851
a 613 553 1851
a 554 614 1000
a 614 554 1000
a 555 559 1611
a 559 555 1611
a 555 615 2445
a 615 555 2445
a 556 616 591
a 616 556 591
a 556 617 617
a 617 556 617
a 559 597 335
a 597 559 335
a 560 618 402
a 618 560 402
a 561 619 8343
a 619 561 8343
a 566 620 737
a 620 566 737
a 566 621 1672
a 621 566 1672
a 567 569 778
a 569 567 778
a 567 622 3384
a 622 567 3384
a 569 623 1762
a 623 569 1762
a 570 624 333
a 624 570 333
a 571 625 2170
a 625 571 2170
a 571 626 1674
a 626 571 1674
a 572 627 866
a 627 572 866
a 573 628 1040
a 628 573 1040
a 573 629 1832
a 629 573 1832
a 575 630 1633
a 630 575 1633
a 575 631 353
a 631 575 353
a 576 632 824
a 632 576 824
a 576 633 3015
a 633 576 3015
a 581 634 3243
a 634 581 3243
a 581 635 3016
a 635 581 3016
a 582 636 1516
a 636 582 1516
a 582 637 1262
a 637 582 1262
a 583 638 2255
a 638 583 2255
a 583 639 1078
a 639 583 1078
a 584 640 4948
a 640 584 4948
a 584 641 1359
a 641 584 1359
a 586 642 1295
a 642 586 1295
a 587 643 160
a 643 587 160
a 588 644 3801
a 644 588 3801
a 588 645 1608
a 645 588 1608
a 588 646 748
a 646 588 748
a 589 642 1176
a 642 589 1176
a 589 647 1373
a 647 589 1373
a 589 648 1000
a 648 589 1000
a 590 649 2375
a 649 590 2375
a 590 650 353
a 650 590 353
a 591 651 1575
a 651 591 1575
a 591 652 670
a 652 591 670
a 591 653 2111
a 653 591 2111
a 593 654 2535
a 654 593 2535
a 593 655 1345
a 655 593 1345
a 594 656 1031
a 656 594 1031
a 594 657 2596
a 657 594 2596
a 595 655 1576
a 655 595 1576
a 595 658 928
a 658 595 928
a 596 659 191
a 659 596 191
a 597 660 2039
a 660 597 2039
a 598 661 614
a 661 598 614
a 598 662 867
a 662 598 867
a 599 663 373
a 663 599 373
a 599 664 2097
a 664 599 2097
a 600 665 1712
a 665 600 1712
a 601 665 3147
a 665 601 3147
a 601 666 3013
a 666 601 3013
a 602 667 2682
a 667 602 2682
a 603 668 3653
a 668 603 3653
a 603 669 1312
a 669 603 1312
a 604 668 1881
a 668 604 1881
a 604 670 1031
a 670 604 1031
a 605 671 2557
a 671 605 2557
a 605 672 1005
a 672 605 1005
a 606 673 1803
a 673 606 1803
a 606 674 1729
a 674 606 1729
a 608 675 5287
a 675 608 5287
a 608 676 2635
a 676 608 2635
a 609 676 344
a 676 609 344
a 609 677 1173
a 677 609 1173
a 610 678 3262
a 678 610 3262
a 611 679 852
a 679 611 852
a 612 680 1345
a 680 612 1345
a 612 681 1204
a 681 612 1204
a 613 614 2674
a 614 613 2674
a 614 682 1222
a 682 614 1222
a 615 683 1454
a 683 615 1454
a 615 684 1428
a 684 615 1428
a 618 685 3868
a 685 618 3868
a 618 686 1780
a 686 618 1780
a 619 687 679
a 687 619 679
a 620 624 1004
a 624 620 1004
a 620 688 696
a 688 620 696
a 623 689 1058
a 689 623 1058
a 623 690 1004
a 690 623 1004
a 624 688 557
a 688 624 557
a 625 691 2859
a 691 625 2859
a 625 692 1336
a 692 625 1336
a 627 693 705
a 693 627 705
a 629 694 1345
a 694 629 1345
a 629 695 4446
a 695 629 4446
a 630 696 1673
a 696 630 1673
a 630 697 1400
a 697 630 1400
a 631 698 2642
a 698 631 2642
a 631 699 875
a 699 631 875
a 632 700 2016
a 700 632 2016
a 632 701 2855
a 701 632 2855
a 633 702 1177
a 702 633 1177
a 633 703 2347
a 703 633 2347
a 634 704 6292
a 704 634 6292
a 635 705 2170
a 705 635 2170
a 635 706 5126
a 706 635 5126
a 637 707 1419
a 707 637 1419
a 637 708 1052
a 708 637 1052
a 639 640 1483
a 640 639 1483
a 639 709 2781
a 709 639 2781
a 640 710 1254
a 710 640 1254
a 641 711 2778
a 711 641 2778
a 641 712 3365
a 712 641 3365
a 642 652 3581
a 652 642 3581
a 644 713 1558
a 713 644 1558
a 644 714 501
a 714 644 501
a 645 715 535
a 715 645 535
a 647 648 1332
a 648 647 1332
a 647 716 1137
a 716 647 1137
a 648 717 1425
a 717 648 1425
a 650 653 597
a 653 650 597
a 650 718 2138
a 718 650 2138
a 651 719 562
a 719 651 562
a 652 720 1340
a 720 652 1340
a 653 721 419
a 721 653 419
a 654 722 3382
a 722 654 3382
a 654 723 549
a 723 654 549
a 655 723 2118
a 723 655 2118
a 655 724 679
a 724 655 679
a 656 725 373
a 725 656 373
a 656 726 2513
a 726 656 2513
a 657 658 1004
a 658 657 1004
a 657 726 1055
a 726 657 1055
a 657 727 2366
a 727 657 2366
a 658 728 1202
a 728 658 1202
a 659 729 1004
a 729 659 1004
a 659 730 3603
a 730 659 3603
a 660 661 1072
a 661 660 1072
a 660 731 1222
a 731 660 1222
a 661 732 700
a 732 661 700
a 663 733 473
a 733 663 473
a 663 734 556
a 734 663 556
a 667 735 603
a 735 667 603
a 668 736 1694
a 736 668 1694
a 670 671 2264
a 671 670 2264
a 670 737 1457
a 737 670 1457
a 671 737 3194
a 737 671 3194
a 671 738 1261
a 738 671 1261
a 673 738 2016
a 738 673 2016
a 674 739 2340
a 739 674 2340
a 675 740 1606
a 740 675 1606
a 675 741 1360
a 741 675 1360
a 675 742 980
a 742 675 980
a 676 743 344
a 743 676 344
a 677 744 1222
a 744 677 1222
a 677 745 679
a 745 677 679
a 678 746 787
a 746 678 787
a 679 747 417
a 747 679 417
a 679 748 754
a 748 679 754
a 681 748 1257
a 748 681 1257
a 681 749 251
a 749 681 251
a 682 750 1763
a 750 682 1763
a 682 751 1111
a 751 682 1111
a 683 752 452
a 752 683 452
a 683 753 948
a 753 683 948
a 684 731 2445
a 731 684 2445
a 684 754 511
a 754 684 511
a 685 755 3015
a 755 685 3015
a 685 756 1948
a 756 685 1948
a 686 757 3978
a 757 686 3978
a 686 758 1881
a 758 686 1881
a 687 759 251
a 759 687 251
a 688 760 476
a 760 688 476
a 690 761 670
a 761 690 670
a 690 762 787
a 762 690 787
a 691 763 596
a 763 691 596
a 692 764 5114
a 764 692 5114
a 692 765 3170
a 765 692 3170
a 693 765 3353
a 765 693 3353
a 694 766 3002
a 766 694 3002
a 694 767 1606
a 767 694 1606
a 696 768 1068
a 768 696 1068
a 696 769 1804
a 769 696 1804
a 698 770 1999
a 770 698 1999
a 698 771 1906
a 771 698 1906
a 699 768 2867
a 768 699 2867
a 699 772 1400
a 772 699 1400
a 701 710 1555
a 710 701 1555
a 701 711 4817
a 711 701 4817
a 701 773 1675
a 773 701 1675
a 703 774 273
a 774 703 273
a 703 775 1124
a 775 703 1124
a 704 776 1358
a 776 704 1358
a 704 777 1358
a 777 704 1358
a 705 778 2771
a 778 705 2771
a 705 779 3877
a 779 705 3877
a 708 780 1441
a 780 708 1441
a 708 781 2501
a 781 708 2501
a 710 782 1324
a 782 710 1324
a 715 783 3360
a 783 715 3360
a 715 784 344
a 784 715 344
a 715 785 980
a 785 715 980
a 716 717 2010
a 717 716 2010
a 716 784 736
a 784 716 736
a 717 786 926
a 786 717 926
a 718 722 1345
a 722 718 1345
a 718 787 1089
a 787 718 1089
a 718 788 1398
a 788 718 1398
a 719 789 672
a 789 719 672
a 720 786 950
a 786 720 950
a 720 790 2084
a 790 720 2084
a 721 787 2262
a 787 721 2262
a 721 791 1005
a 791 721 1005
a 722 792 774
a 792 722 774
a 722 793 1921
a 793 722 1921
a 723 794 586
a 794 723 586
a 724 795 1014
a 795 724 1014
a 724 796 353
a 796 724 353
a 726 797 556
a 797 726 556
a 727 798 1084
a 798 727 1084
a 727 799 434
a 799 727 434
a 728 796 717
a 796 728 717
a 729 800 452
a 800 729 452
a 729 801 921
a 801 729 921
a 730 802 580
a 802 730 580
a 730 803 817
a 803 730 817
a 730 804 628
a 804 730 628
a 733 734 402
a 734 733 402
a 733 805 5037
a 805 733 5037
a 734 806 782
a 806 734 782
a 736 807 2347
a 807 736 2347
a 736 808 786
a 808 736 786
a 737 809 2446
a 809 737 2446
a 738 810 2080
a 810 738 2080
a 739 811 948
a 811 739 948
a 739 812 9913
a 812 739 9913
a 740 813 1305
a 813 740 1305
a 740 814 1076
a 814 740 1076
a 741 742 1334
a 742 741 1334
a 741 815 796
a 815 741 796
a 741 816 1540
a 816 741 1540
a 742 817 1267
a 817 742 1267
a 743 817 3437
a 817 743 3437
a 743 818 557
a 818 743 557
a 744 818 679
a 818 744 679
a 744 819 667
a 819 744 667
a 744 820 948
a 820 744 948
a 745 821 672
a 821 745 672
a 746 747 787
a 747 746 787
a 746 822 1381
a 822 746 1381
a 748 823 1396
a 823 748 1396
a 749 824 1663
a 824 749 1663
a 749 825 611
a 825 749 611
a 751 826 445
a 826 751 445
a 752 827 838
a 827 752 838
a 752 828 893
a 828 752 893
a 753 829 1565
a 829 753 1565
a 753 830 1111
a 830 753 1111
a 755 831 9050
a 831 755 9050
a 755 832 1759
a 832 755 1759
a 756 833 2125
a 833 756 2125
a 756 834 2690
a 834 756 2690
a 757 835 2509
a 835 757 2509
a 757 836 2166
a 836 757 2166
a 759 837 4284
a 837 759 4284
a 760 838 3231
a 838 760 3231
a 762 839 687
a 839 762 687
a 762 840 870
a 840 762 870
a 763 841 3989
a 841 763 3989
a 763 842 2782
a 842 763 2782
a 764 843 2421
a 843 764 2421
a 764 844 2044
a 844 764 2044
a 765 845 1447
a 845 765 1447
a 766 846 3119
a 846 766 3119
a 766 847 2092
a 847 766 2092
a 768 848 2118
a 848 768 2118
a 770 772 3310
a 772 770 3310
a 770 849 1550
a 849 770 1550
a 771 849 2370
a 849 771 2370
a 771 850 1750
a 850 771 1750
a 772 776 1138
a 776 772 1138
a 773 774 1063
a 774 773 1063
a 773 851 8071
a 851 773 8071
a 774 852 2117
a 852 774 2117
a 775 853 928
a 853 775 928
a 775 854 955
a 854 775 955
a 777 778 1606
a 778 777 1606
a 778 855 687
a 855 778 687
a 779 856 3996
a 856 779 3996
a 779 857 1850
a 857 779 1850
a 781 858 1387
a 858 781 1387
a 781 859 2275
a 859 781 2275
a 783 860 786
a 860 783 786
a 785 861 2688
a 861 785 2688
a 785 862 2001
a 862 785 2001
a 785 863 835
a 863 785 835
a 786 863 2809
a 863 786 2809
a 787 864 1029
a 864 787 1029
a 788 794 2180
a 794 788 2180
a 788 865 1333
a 865 788 1333
a 790 866 598
a 866 790 598
a 790 867 983
a 867 790 983
a 791 864 2044
a 864 791 2044
a 791 866 580
a 866 791 580
a 794 795 1084
a 795 794 1084
a 795 868 1005
a 868 795 1005
a 796 798 754
a 798 796 754
a 798 868 893
a 868 798 893
a 799 869 2126
a 869 799 2126
a 799 870 867
a 870 799 867
a 799 871 2242
a 871 799 2242
a 801 872 672
a 872 801 672
a 801 873 1089
a 873 801 1089
a 802 871 1267
a 871 802 1267
a 803 873 1428
a 873 803 1428
a 803 874 333
a 874 803 333
a 804 875 1031
a 875 804 1031
a 804 876 670
a 876 804 670
a 805 877 482
a 877 805 482
a 806 878 2262
a 878 806 2262
a 806 879 1929
a 879 806 1929
a 807 880 2762
a 880 807 2762
a 807 881 1267
a 881 807 1267
a 808 882 3442
a 882 808 3442
a 809 883 1204
a 883 809 1204
a 809 884 503
a 884 809 503
a 811 885 2234
a 885 811 2234
a 811 886 3534
a 886 811 3534
a 812 887 924
a 887 812 924
a 812 888 503
a 888 812 503
a 813 889 224
a 889 813 224
a 813 890 1137
a 890 813 1137
a 814 815 1112
a 815 814 1112
a 814 890 1392
a 890 814 1392
a 815 891 2007
a 891 815 2007
a 816 892 1139
a 892 816 1139
a 816 893 4886
a 893 816 4886
a 817 819 2118
a 819 817 2118
a 818 819 1027
a 819 818 1027
a 820 821 924
a 821 820 924
a 820 894 6208
a 894 820 6208
a 820 895 1100
a 895 820 1100
a 821 896 598
a 896 821 598
a 822 897 2371
a 897 822 2371
a 822 898 1059
a 898 822 1059
a 825 899 402
a 899 825 402
a 826 900 1071
a 900 826 1071
a 826 901 445
a 901 826 445
a 827 901 1340
a 901 827 1340
a 827 902 556
a 902 827 556
a 828 903 744
a 903 828 744
a 828 904 445
a 904 828 445
a 829 904 921
a 904 829 921
a 829 905 1089
a 905 829 1089
a 830 905 1344
a 905 830 1344
a 830 906 627
a 906 830 627
a 831 907 5016
a 907 831 5016
a 831 908 2909
a 908 831 2909
a 832 909 1277
a 909 832 1277
a 832 910 2018
a 910 832 2018
a 835 911 6059
a 911 835 6059
a 835 912 2551
a 912 835 2551
a 836 913 3482
a 913 836 3482
a 836 914 2778
a 914 836 2778
a 837 915 649
a 915 837 649
a 837 916 1559
a 916 837 1559
a 837 917 2933
a 917 837 2933
a 838 918 1950
a 918 838 1950
a 838 919 2746
a 919 838 2746
a 841 920 2707
a 920 841 2707
a 841 921 3046
a 921 841 3046
a 844 922 712
a 922 844 712
a 844 923 3184
a 923 844 3184
a 845 923 610
a 923 845 610
a 845 924 511
a 924 845 511
a 846 925 1027
a 925 846 1027
a 846 926 668
a 926 846 668
a 853 927 2578
a 927 853 2578
a 853 928 2086
a 928 853 2086
a 854 929 1282
a 929 854 1282
a 854 930 654
a 930 854 654
a 855 931 3611
a 931 855 3611
a 855 932 5900
a 932 855 5900
a 856 933 2818
a 933 856 2818
a 856 934 3681
a 934 856 3681
a 859 935 3459
a 935 859 3459
a 859 936 4449
a 936 859 4449
a 861 937 3019
a 937 861 3019
a 861 938 2600
a 938 861 2600
a 862 939 1457
a 939 862 1457
a 862 940 1161
a 940 862 1161
a 863 941 1280
a 941 863 1280
a 864 942 1124
a 942 864 1124
a 864 943 597
a 943 864 597
a 865 868 3563
a 868 865 3563
a 865 942 586
a 942 865 586
a 867 944 1204
a 944 867 1204
a 867 945 1773
a 945 867 1773
a 868 869 1011
a 869 868 1011
a 869 946 3325
a 946 869 3325
a 869 947 1095
a 947 869 1095
a 870 948 355
a 948 870 355
a 870 949 2347
a 949 870 2347
a 871 949 902
a 949 871 902
a 873 950 889
a 950 873 889
a 876 951 1558
a 951 876 1558
a 876 952 222
a 952 876 222
a 877 916 594
a 916 877 594
a 877 953 469
a 953 877 469
a 878 954 1298
a 954 878 1298
a 878 955 1872
a 955 878 1872
a 879 956 2028
a 956 879 2028
a 879 957 1846
a 957 879 1846
a 881 883 1621
a 883 881 1621
a 881 958 1005
a 958 881 1005
a 882 959 1343
a 959 882 1343
a 883 960 1797
a 960 883 1797
a 884 885 3024
a 885 884 3024
a 886 961 1873
a 961 886 1873
a 886 962 2138
a 962 886 2138
a 886 963 419
a 963 886 419
a 887 964 2755
a 964 887 2755
a 887 965 893
a 965 887 893
a 888 966 474
a 966 888 474
a 889 967 279
a 967 889 279
a 889 968 250
a 968 889 250
a 890 969 473
a 969 890 473
a 891 970 1479
a 970 891 1479
a 891 971 1083
a 971 891 1083
a 893 972 3610
a 972 893 3610
a 893 973 696
a 973 893 696
a 895 974 2339
a 974 895 2339
a 895 975 1406
a 975 895 1406
a 897 976 921
a 976 897 921
a 897 977 445
a 977 897 445
a 898 976 2688
a 976 898 2688
a 898 978 736
a 978 898 736
a 899 979 1454
a 979 899 1454
a 899 980 902
a 980 899 902
a 900 980 948
a 980 900 948
a 900 981 548
a 981 900 548
a 901 982 1000
a 982 901 1000
a 903 982 1353
a 982 903 1353
a 904 983 1234
a 983 904 1234
a 905 984 928
a 984 905 928
a 906 985 2277
a 985 906 2277
a 906 986 474
a 986 906 474
a 907 987 2781
a 987 907 2781
a 907 988 2887
a 988 907 2887
a 908 989 3262
a 989 908 3262
a 908 990 1615
a 990 908 1615
a 911 991 7984
a 991 911 7984
a 911 992 1895
a 992 911 1895
a 912 913 1760
a 913 912 1760
a 913 993 3682
a 993 913 3682
a 915 994 373
a 994 915 373
a 915 995 475
a 995 915 475
a 916 996 4058
a 996 916 4058
a 917 997 2512
a 997 917 2512
a 918 998 4622
a 998 918 4622
a 918 999 2076
a 999 918 2076
a 919 998 3105
a 998 919 3105
a 919 1000 2430
a 1000 919 2430
a 921 1001 2002
a 1001 921 2002
a 921 1002 1667
a 1002 921 1667
a 922 1003 1707
a 1003 922 1707
a 922 1004 4483
a 1004 922 4483
a 922 1005 1275
a 1005 922 1275
a 923 924 514
a 924 923 514
a 924 1006 2151
a 1006 924 2151
a 927 937 1595
a 937 927 1595
a 927 1007 1375
a 1007 927 1375
a 927 1008 1529
a 1008 927 1529
a 928 1009 1267
a 1009 928 1267
a 928 1010 649
a 1010 928 649
a 929 937 344
a 937 929 344
a 929 1011 1845
a 1011 929 1845
a 930 1012 1744
a 1012 930 1744
a 930 1013 716
a 1013 930 716
a 931 1014 5596
a 1014 931 5596
a 931 1015 2336
a 1015 931 2336
a 933 1016 1675
a 1016 933 1675
a 933 1017 2016
a 1017 933 2016
a 936 1018 6161
a 1018 936 6161
a 938 939 1504
a 939 938 1504
a 938 1019 1381
a 1019 938 1381
a 939 1020 1139
a 1020 939 1139
a 940 941 1139
a 941 940 1139
a 940 1021 1900
a 1021 940 1900
a 941 1022 2004
a 1022 941 2004
a 942 946 515
a 946 942 515
a 943 944 1261
a 944 943 1261
a 944 1023 1277
a 1023 944 1277
a 944 1024 671
a 1024 944 671
a 945 1023 1014
a 1023 945 1014
a 945 1025 1565
a 1025 945 1565
a 945 1026 420
a 1026 945 420
a 946 1027 670
a 1027 946 670
a 947 1028 333
a 1028 947 333
a 947 1029 1225
a 1029 947 1225
a 948 1029 1074
a 1029 948 1074
a 948 1030 458
a 1030 948 458
a 949 1031 687
a 1031 949 687
a 949 1032 679
a 1032 949 679
a 950 1033 1445
a 1033 950 1445
a 950 1034 838
a 1034 950 838
a 951 1035 838
a 1035 951 838
a 951 1036 1298
a 1036 951 1298
a 952 1031 782
a 1031 952 782
a 952 1037 597
a 1037 952 597
a 953 1038 4070
a 1038 953 4070
a 953 1039 5488
a 1039 953 5488
a 957 1040 2561
a 1040 957 2561
a 957 1041 2121
a 1041 957 2121
a 958 1042 2519
a 1042 958 2519
a 958 1043 2169
a 1043 958 2169
a 960 1044 2207
a 1044 960 2207
a 960 1045 796
a 1045 960 796
a 961 1046 1112
a 1046 961 1112
a 961 1047 1014
a 1047 961 1014
a 962 1048 670
a 1048 962 670
a 962 1049 586
a 1049 962 586
a 964 1050 488
a 1050 964 488
a 964 1051 1445
a 1051 964 1445
a 965 1052 445
a 1052 965 445
a 965 1053 4325
a 1053 965 4325
a 966 1054 473
a 1054 966 473
a 966 1055 1479
a 1055 966 1479
a 967 1056 643
a 1056 967 643
a 968 1057 1023
a 1057 968 1023
a 968 1058 1161
a 1058 968 1161
a 970 1059 1257
a 1059 970 1257
a 970 1060 1298
a 1060 970 1298
a 971 1061 1076
a 1061 971 1076
a 971 1062 1479
a 1062 971 1479
a 972 1063 511
a 1063 972 511
a 972 1064 905
a 1064 972 905
a 973 1064 3277
a 1064 973 3277
a 973 1065 1028
a 1065 973 1028
a 973 1066 1305
a 1066 973 1305
a 975 978 335
a 978 975 335
a 975 1067 511
a 1067 975 511
a 978 1068 1300
a 1068 978 1300
a 979 1069 688
a 1069 979 688
a 979 1070 687
a 1070 979 687
a 979 1071 845
a 1071 979 845
a 980 1071 1234
a 1071 980 1234
a 981 1072 1122
a 1072 981 1122
a 982 1072 667
a 1072 982 667
a 983 1073 222
a 1073 983 222
a 983 1074 2023
a 1074 983 2023
a 984 986 1906
a 986 984 1906
a 984 1075 201
a 1075 984 201
a 986 1076 1011
a 1076 986 1011
a 987 1077 2242
a 1077 987 2242
a 987 1078 6710
a 1078 987 6710
a 988 1079 562
a 1079 988 562
a 989 1080 1055
a 1080 989 1055
a 991 1081 1568
a 1081 991 1568
a 991 1082 3404
a 1082 991 3404
a 992 1083 924
a 1083 992 924
a 992 1084 3762
a 1084 992 3762
a 993 1085 817
a 1085 993 817
a 993 1086 3747
a 1086 993 3747
a 994 995 353
a 995 994 353
a 994 1087 2639
a 1087 994 2639
a 995 1088 2733
a 1088 995 2733
a 996 1038 1796
a 1038 996 1796
a 997 1089 2773
a 1089 997 2773
a 998 1090 2450
a 1090 998 2450
a 999 1091 5436
a 1091 999 5436
a 999 1092 1752
a 1092 999 1752
a 1001 1093 4448
a 1093 1001 4448
a 1001 1094 1841
a 1094 1001 1841
a 1002 1095 672
a 1095 1002 672
a 1002 1096 2975
a 1096 1002 2975
a 1003 1097 2276
a 1097 1003 2276
a 1003 1098 1248
a 1098 1003 1248
a 1004 1099 1055
a 1099 1004 1055
a 1004 1100 2369
a 1100 1004 2369
a 1005 1101 2933
a 1101 1005 2933
a 1005 1102 1411
a 1102 1005 1411
a 1006 1103 474
a 1103 1006 474
a 1006 1104 2900
a 1104 1006 2900
a 1011 1105 586
a 1105 1011 586
a 1014 1106 1292
a 1106 1014 1292
a 1014 1107 2246
a 1107 1014 2246
a 1015 1108 1447
a 1108 1015 1447
a 1015 1109 4312
a 1109 1015 4312
a 1016 1018 1344
a 1018 1016 1344
a 1019 1110 1637
a 1110 1019 1637
a 1019 1111 433
a 1111 1019 433
a 1020 1112 687
a 1112 1020 687
a 1021 1113 1234
a 1113 1021 1234
a 1021 1114 613
a 1114 1021 613
a 1024 1115 1234
a 1115 1024 1234
a 1024 1116 1112
a 1116 1024 1112
a 1026 1117 515
a 1117 1026 515
a 1027 1115 853
a 1115 1027 853
a 1028 1115 2559
a 1115 1028 2559
a 1028 1118 928
a 1118 1028 928
a 1030 1119 979
a 1119 1030 979
a 1031 1120 867
a 1120 1031 867
a 1033 1121 921
a 1121 1033 921
a 1033 1122 1889
a 1122 1033 1889
a 1034 1035 1173
a 1035 1034 1173
a 1034 1121 1447
a 1121 1034 1447
a 1036 1123 1490
a 1123 1036 1490
a 1036 1124 616
a 1124 1036 616
a 1039 1125 1846
a 1125 1039 1846
a 1039 1126 1065
a 1126 1039 1065
a 1043 1127 1924
a 1127 1043 1924
a 1043 1128 608
a 1128 1043 608
a 1045 1046 1708
a 1046 1045 1708
a 1045 1129 3042
a 1129 1045 3042
a 1046 1130 1827
a 1130 1046 1827
a 1050 1131 1841
a 1131 1050 1841
a 1050 1132 2288
a 1132 1050 2288
a 1051 1133 2612
a 1133 1051 2612
a 1051 1134 1626
a 1134 1051 1626
a 1052 1135 2920
a 1135 1052 2920
a 1052 1136 5951
a 1136 1052 5951
a 1053 1137 2118
a 1137 1053 2118
a 1053 1138 1445
a 1138 1053 1445
a 1053 1139 948
a 1139 1053 948
a 1054 1055 1007
a 1055 1054 1007
a 1054 1140 1479
a 1140 1054 1479
a 1055 1140 473
a 1140 1055 473
a 1056 1141 515
a 1141 1056 515
a 1057 1142 1340
a 1142 1057 1340
a 1057 1143 1065
a 1143 1057 1065
a 1058 1140 2783
a 1140 1058 2783
a 1058 1144 888
a 1144 1058 888
a 1060 1144 1204
a 1144 1060 1204
a 1060 1145 550
a 1145 1060 550
a 1060 1146 768
a 1146 1060 768
a 1061 1147 1375
a 1147 1061 1375
a 1061 1148 1360
a 1148 1061 1360
a 1062 1148 1223
a 1148 1062 1223
a 1062 1149 1280
a 1149 1062 1280
a 1063 1150 5057
a 1150 1063 5057
a 1063 1151 732
a 1151 1063 732
a 1064 1152 1124
a 1152 1064 1124
a 1065 1153 945
a 1153 1065 945
a 1065 1154 1767
a 1154 1065 1767
a 1066 1152 2600
a 1152 1066 2600
a 1066 1155 2078
a 1155 1066 2078
a 1066 1156 847
a 1156 1066 847
a 1067 1157 1014
a 1157 1067 1014
a 1067 1158 1638
a 1158 1067 1638
a 1068 1159 308
a 1159 1068 308
a 1068 1160 402
a 1160 1068 402
a 1071 1161 889
a 1161 1071 889
a 1072 1162 672
a 1162 1072 672
a 1073 1162 2223
a 1162 1073 2223
