c In this file, the DIMACS format is extended by allowing arcs of infinite weight.
c These are specified by "a U V inf", where U and V are vertex IDs.
p sp 1280 3002
a 1 2 3181
a 2 1 3181
a 1 3 3377
a 3 1 3377
a 1 4 4297
a 4 1 4297
a 2 5 2878
a 5 2 2878
a 2 6 2697
a 6 2 2697
a 3 7 11353
a 7 3 11353
a 3 8 1277
a 8 3 1277
a 3 9 3028
a 9 3 3028
a 4 10 1380
a 10 4 1380
a 4 11 1004
a 11 4 1004
a 5 12 6658
a 12 5 6658
a 5 13 2203
a 13 5 2203
a 7 14 4837
a 14 7 4837
a 7 15 1109
a 15 7 1109
a 8 16 3590
a 16 8 3590
a 9 17 3591
a 17 9 3591
a 9 18 1248
a 18 9 1248
a 10 19 2662
a 19 10 2662
a 12 20 1296
a 20 12 1296
a 12 21 3652
a 21 12 3652
a 14 22 4531
a 22 14 4531
a 14 23 1183
a 23 14 1183
a 15 24 2517
a 24 15 2517
a 16 25 5465
a 25 16 5465
a 16 26 373
a 26 16 373
a 17 27 637
a 27 17 637
a 19 28 2007
a 28 19 2007
a 19 29 1901
a 29 19 1901
a 20 30 610
a 30 20 610
a 22 31 1721
a 31 22 1721
a 22 32 2634
a 32 22 2634
a 23 33 941
a 33 23 941
a 25 34 2882
a 34 25 2882
a 25 35 2295
a 35 25 2295
a 26 36 5388
a 36 26 5388
a 26 37 2196
a 37 26 2196
a 27 28 1853
a 28 27 1853
a 27 38 4030
a 38 27 4030
a 28 39 2628
a 39 28 2628
a 29 40 2004
a 40 29 2004
a 29 41 1337
a 41 29 1337
a 30 42 3099
a 42 30 3099
a 30 43 950
a 43 30 950
a 33 44 1315
a 44 33 1315
a 33 45 2070
a 45 33 2070
a 34 46 2773
a 46 34 2773
a 34 47 3536
a 47 34 3536
a 35 48 2046
a 48 35 2046
a 35 49 3424
a 49 35 3424
a 36 50 105
a 50 36 105
a 36 51 71
a 51 36 71
a 37 52 1421
a 52 37 1421
a 37 53 1483
a 53 37 1483
a 38 54 1768
a 54 38 1768
a 38 55 2028
a 55 38 2028
a 39 56 3296
a 56 39 3296
a 39 57 2477
a 57 39 2477
a 40 58 1543
a 58 40 1543
a 41 59 2348
a 59 41 2348
a 42 60 556
a 60 42 556
a 42 61 893
a 61 42 893
a 43 61 2853
a 61 43 2853
a 43 62 649
a 62 43 649
a 44 63 1873
a 63 44 1873
a 44 64 3613
a 64 44 3613
a 47 65 475
a 65 47 475
a 47 66 3610
a 66 47 3610
a 48 52 2126
a 52 48 2126
a 48 67 1858
a 67 48 1858
a 49 68 791
a 68 49 791
a 50 69 2850
a 69 50 2850
a 51 70 1541
a 70 51 1541
a 52 71 2126
a 71 52 2126
a 56 72 3799
a 72 56 3799
a 56 73 3853
a 73 56 3853
a 58 74 2118
a 74 58 2118
a 59 75 2514
a 75 59 2514
a 60 76 8451
a 76 60 8451
a 61 77 1114
a 77 61 1114
a 61 78 2367
a 78 61 2367
a 62 77 2525
a 77 62 2525
a 62 79 1357
a 79 62 1357
a 63 80 3280
a 80 63 3280
a 63 81 605
a 81 63 605
a 64 82 3637
a 82 64 3637
a 64 83 1770
a 83 64 1770
a 65 84 517
a 84 65 517
a 65 85 2956
a 85 65 2956
a 66 86 4891
a 86 66 4891
a 67 68 657
a 68 67 657
a 68 87 884
a 87 68 884
a 69 71 1871
a 71 69 1871
a 69 88 2003
a 88 69 2003
a 72 89 925
a 89 72 925
a 72 90 3851
a 90 72 3851
a 73 91 403
a 91 73 403
a 73 92 836
a 92 73 836
a 74 75 1696
a 75 74 1696
a 77 93 967
a 93 77 967
a 77 94 2977
a 94 77 2977
a 79 95 2030
a 95 79 2030
a 79 96 2666
a 96 79 2666
a 79 97 1962
a 97 79 1962
a 80 98 2490
a 98 80 2490
a 80 99 4547
a 99 80 4547
a 81 100 1212
a 100 81 1212
a 81 101 1267
a 101 81 1267
a 82 98 2643
a 98 82 2643
a 83 102 2744
a 102 83 2744
a 83 103 963
a 103 83 963
a 84 104 1357
a 104 84 1357
a 84 105 3152
a 105 84 3152
a 85 106 3720
a 106 85 3720
a 85 107 2219
a 107 85 2219
a 86 108 1605
a 108 86 1605
a 88 109 537
a 109 88 537
a 88 110 3689
a 110 88 3689
a 89 111 1434
a 111 89 1434
a 92 112 1797
a 112 92 1797
a 93 95 147
a 95 93 147
a 93 113 2189
a 113 93 2189
a 95 114 2402
a 114 95 2402
a 96 115 827
a 115 96 827
a 96 116 1345
a 116 96 1345
a 96 117 944
a 117 96 944
a 97 118 827
a 118 97 827
a 99 119 2664
a 119 99 2664
a 99 120 3994
a 120 99 3994
a 100 121 1903
a 121 100 1903
a 101 122 209
a 122 101 209
a 102 123 2811
a 123 102 2811
a 102 124 2656
a 124 102 2656
a 103 125 709
a 125 103 709
a 103 126 3038
a 126 103 3038
a 106 127 1364
a 127 106 1364
a 106 128 3589
a 128 106 3589
a 108 129 4296
a 129 108 4296
a 109 130 1885
a 130 109 1885
a 109 131 4636
a 131 109 4636
a 110 132 1672
a 132 110 1672
a 110 133 1161
a 133 110 1161
a 111 134 682
a 134 111 682
a 111 135 2240
a 135 111 2240
a 112 136 1085
a 136 112 1085
a 112 137 2040
a 137 112 2040
a 113 138 215
a 138 113 215
a 113 139 525
a 139 113 525
a 114 140 1062
a 140 114 1062
a 115 141 924
a 141 115 924
a 115 142 605
a 142 115 605
a 117 143 514
a 143 117 514
a 118 144 504
a 144 118 504
a 118 145 1454
a 145 118 1454
a 119 146 1229
a 146 119 1229
a 120 146 1076
a 146 120 1076
a 121 147 2196
a 147 121 2196
a 121 148 2835
a 148 121 2835
a 123 149 961
a 149 123 961
a 123 150 1485
a 150 123 1485
a 125 151 3716
a 151 125 3716
a 125 152 2605
a 152 125 2605
a 126 153 2809
a 153 126 2809
a 126 154 2245
a 154 126 2245
a 127 155 1226
a 155 127 1226
a 127 156 1836
a 156 127 1836
a 128 157 7287
a 157 128 7287
a 128 158 2814
a 158 128 2814
a 129 159 1245
a 159 129 1245
a 129 160 1349
a 160 129 1349
a 130 131 4976
a 131 130 4976
a 130 161 1932
a 161 130 1932
a 134 162 1161
a 162 134 1161
a 134 163 925
a 163 134 925
a 134 164 976
a 164 134 976
a 135 165 551
a 165 135 551
a 137 166 1148
a 166 137 1148
a 140 167 3068
a 167 140 3068
a 140 168 1485
a 168 140 1485
a 141 169 2148
a 169 141 2148
a 141 170 344
a 170 141 344
a 142 171 905
a 171 142 905
a 142 172 629
a 172 142 629
a 143 173 905
a 173 143 905
a 143 174 789
a 174 143 789
a 144 175 367
a 175 144 367
a 144 176 2613
a 176 144 2613
a 145 177 2727
a 177 145 2727
a 145 178 2243
a 178 145 2243
a 146 179 2751
a 179 146 2751
a 147 180 2577
a 180 147 2577
a 147 181 5691
a 181 147 5691
a 149 182 1615
a 182 149 1615
a 149 183 722
a 183 149 722
a 152 184 7153
a 184 152 7153
a 152 185 3433
a 185 152 3433
a 155 186 5256
a 186 155 5256
a 157 180 3720
a 180 157 3720
a 157 187 3456
a 187 157 3456
a 159 188 4431
a 188 159 4431
a 159 189 1161
a 189 159 1161
a 159 190 336
a 190 159 336
a 161 191 551
a 191 161 551
a 161 192 2884
a 192 161 2884
a 162 193 1225
a 193 162 1225
a 162 194 599
a 194 162 599
a 162 195 789
a 195 162 789
a 163 195 905
a 195 163 905
a 163 196 932
a 196 163 932
a 165 197 1075
a 197 165 1075
a 165 198 1205
a 198 165 1205
a 167 199 2359
a 199 167 2359
a 168 200 5052
a 200 168 5052
a 169 201 878
a 201 169 878
a 169 202 556
a 202 169 556
a 171 203 551
a 203 171 551
a 171 204 403
a 204 171 403
a 172 202 789
a 202 172 789
a 172 205 581
a 205 172 581
a 173 206 1483
a 206 173 1483
a 173 207 765
a 207 173 765
a 175 208 2875
a 208 175 2875
a 175 209 1070
a 209 175 1070
a 177 210 2002
a 210 177 2002
a 177 211 475
a 211 177 475
a 178 210 2093
a 210 178 2093
a 178 212 373
a 212 178 373
a 179 213 2449
a 213 179 2449
a 179 214 4314
a 214 179 4314
a 182 215 668
a 215 182 668
a 184 216 2110
a 216 184 2110
a 184 217 3159
a 217 184 3159
a 186 218 556
a 218 186 556
a 188 219 5874
a 219 188 5874
a 188 220 1318
a 220 188 1318
a 189 221 1342
a 221 189 1342
a 189 222 476
a 222 189 476
a 190 223 3185
a 223 190 3185
a 190 224 1022
a 224 190 1022
a 193 225 2067
a 225 193 2067
a 193 226 870
a 226 193 870
a 193 227 713
a 227 193 713
a 195 226 1234
a 226 195 1234
a 195 228 1224
a 228 195 1224
a 196 228 788
a 228 196 788
a 196 229 1010
a 229 196 1010
a 196 230 1221
a 230 196 1221
a 196 231 2067
a 231 196 2067
a 197 232 854
a 232 197 854
a 199 233 8689
a 233 199 8689
a 199 234 3758
a 234 199 3758
a 200 235 346
a 235 200 346
a 200 236 1955
a 236 200 1955
a 201 237 905
a 237 201 905
a 201 238 354
a 238 201 354
a 202 239 1161
a 239 202 1161
a 204 240 870
a 240 204 870
a 206 241 1357
a 241 206 1357
a 206 242 516
a 242 206 516
a 206 243 765
a 243 206 765
a 207 243 1483
a 243 207 1483
a 207 244 516
a 244 207 516
a 208 245 2282
a 245 208 2282
a 208 246 599
a 246 208 599
a 209 247 1027
a 247 209 1027
a 209 248 1210
a 248 209 1210
a 210 249 354
a 249 210 354
a 213 250 3327
a 250 213 3327
a 213 251 2114
a 251 213 2114
a 214 252 1636
a 252 214 1636
a 214 253 1860
a 253 214 1860
a 216 254 3554
a 254 216 3554
a 216 255 8616
a 255 216 8616
a 216 256 4434
a 256 216 4434
a 217 257 1831
a 257 217 1831
a 217 258 3739
a 258 217 3739
a 218 259 1686
a 259 218 1686
a 219 260 4422
a 260 219 4422
a 219 261 1120
a 261 219 1120
a 220 262 1654
a 262 220 1654
a 220 263 965
a 263 220 965
a 221 264 884
a 264 221 884
a 221 265 1756
a 265 221 1756
a 222 266 1029
a 266 222 1029
a 222 267 551
a 267 222 551
a 223 268 2413
a 268 223 2413
a 224 269 664
a 269 224 664
a 224 270 605
a 270 224 605
a 225 271 951
a 271 225 951
a 225 272 1161
a 272 225 1161
a 226 273 238
a 273 226 238
a 227 273 947
a 273 227 947
a 227 274 612
a 274 227 612
a 228 229 889
a 229 228 889
a 228 275 1398
a 275 228 1398
a 229 276 403
a 276 229 403
a 230 277 2007
a 277 230 2007
a 230 278 1181
a 278 230 1181
a 231 232 983
a 232 231 983
a 231 279 1099
a 279 231 1099
a 232 277 1498
a 277 232 1498
a 232 280 598
a 280 232 598
a 233 281 10876
a 281 233 10876
a 233 282 8330
a 282 233 8330
a 235 283 2644
a 283 235 2644
a 235 284 877
a 284 235 877
a 237 239 676
a 239 237 676
a 239 240 403
a 240 239 403
a 240 285 713
a 285 240 713
a 241 286 904
a 286 241 904
a 241 287 708
a 287 241 708
a 242 288 610
a 288 242 610
a 242 289 782
a 289 242 782
a 243 287 1482
a 287 243 1482
a 243 290 789
a 290 243 789
a 244 291 1612
a 291 244 1612
a 244 292 252
a 292 244 252
a 245 293 4539
a 293 245 4539
a 245 294 3078
a 294 245 3078
a 245 295 1120
a 295 245 1120
a 246 295 2018
a 295 246 2018
a 250 296 1957
a 296 250 1957
a 250 297 6074
a 297 250 6074
a 251 298 2747
a 298 251 2747
a 251 299 3954
a 299 251 3954
a 252 300 3479
a 300 252 3479
a 252 301 804
a 301 252 804
a 253 302 1798
a 302 253 1798
a 253 303 612
a 303 253 612
a 254 304 806
a 304 254 806
a 254 305 4780
a 305 254 4780
a 255 282 6384
a 282 255 6384
a 255 306 1004
a 306 255 1004
a 256 281 674
a 281 256 674
a 256 307 3668
a 307 256 3668
a 257 308 1636
a 308 257 1636
a 257 309 1460
a 309 257 1460
a 258 310 928
a 310 258 928
a 258 311 3095
a 311 258 3095
a 259 312 1919
a 312 259 1919
a 259 313 4293
a 313 259 4293
a 260 262 337
a 262 260 337
a 260 314 2001
a 314 260 2001
a 262 315 3224
a 315 262 3224
a 263 316 2626
a 316 263 2626
a 263 317 2082
a 317 263 2082
a 264 267 738
a 267 264 738
a 264 318 2289
a 318 264 2289
a 266 319 3697
a 319 266 3697
a 266 320 2329
a 320 266 2329
a 267 321 1502
a 321 267 1502
a 268 322 1790
a 322 268 1790
a 270 323 761
a 323 270 761
a 270 324 1345
a 324 270 1345
a 271 325 782
a 325 271 782
a 272 274 1578
a 274 272 1578
a 272 326 562
a 326 272 562
a 272 327 589
a 327 272 589
a 273 275 672
a 275 273 672
a 274 328 1409
a 328 274 1409
a 275 329 452
a 329 275 452
a 277 330 2441
a 330 277 2441
a 277 331 1099
a 331 277 1099
a 278 332 782
a 332 278 782
a 280 333 220
a 333 280 220
a 280 334 1015
a 334 280 1015
a 281 335 1955
a 335 281 1955
a 282 307 3525
a 307 282 3525
a 282 336 3040
a 336 282 3040
a 283 337 2044
a 337 283 2044
a 283 338 1766
a 338 283 1766
a 284 339 2496
a 339 284 2496
a 285 340 848
a 340 285 848
a 285 341 1014
a 341 285 1014
a 286 342 3495
a 342 286 3495
a 287 343 354
a 343 287 354
a 288 344 1937
a 344 288 1937
a 289 345 708
a 345 289 708
a 290 292 1592
a 292 290 1592
a 290 346 1482
a 346 290 1482
a 291 347 562
a 347 291 562
a 291 348 562
a 348 291 562
a 292 348 1062
a 348 292 1062
a 293 349 404
a 349 293 404
a 294 350 2182
a 350 294 2182
a 294 351 3981
a 351 294 3981
a 295 352 4184
a 352 295 4184
a 297 353 1336
a 353 297 1336
a 297 354 551
a 354 297 551
a 298 355 2031
a 355 298 2031
a 298 356 792
a 356 298 792
a 303 357 2183
a 357 303 2183
a 303 358 6250
a 358 303 6250
a 304 359 2468
a 359 304 2468
a 304 360 1765
a 360 304 1765
a 305 361 1085
a 361 305 1085
a 305 362 1258
a 362 305 1258
a 306 363 2803
a 363 306 2803
a 306 364 3604
a 364 306 3604
a 307 365 2528
a 365 307 2528
a 309 366 5897
a 366 309 5897
a 309 367 2246
a 367 309 2246
a 310 368 1963
a 368 310 1963
a 310 369 5014
a 369 310 5014
a 312 370 1004
a 370 312 1004
a 313 322 873
a 322 313 873
a 313 371 1022
a 371 313 1022
a 314 372 2313
a 372 314 2313
a 314 373 2481
a 373 314 2481
a 316 317 1108
a 317 316 1108
a 316 374 3348
a 374 316 3348
a 317 375 547
a 375 317 547
a 318 376 3205
a 376 318 3205
a 318 377 373
a 377 318 373
a 319 378 476
a 378 319 476
a 319 379 951
a 379 319 951
a 320 321 983
a 321 320 983
a 320 380 1120
a 380 320 1120
a 321 381 1456
a 381 321 1456
a 322 382 2559
a 382 322 2559
a 322 383 951
a 383 322 951
a 323 384 1314
a 384 323 1314
a 324 384 676
a 384 324 676
a 324 385 873
a 385 324 873
a 326 328 354
a 328 326 354
a 326 386 354
a 386 326 354
a 326 387 203
a 387 326 203
a 328 387 445
a 387 328 445
a 329 388 344
a 388 329 344
a 330 389 1632
a 389 330 1632
a 330 390 336
a 390 330 336
a 331 332 893
a 332 331 893
a 331 391 476
a 391 331 476
a 333 392 2940
a 392 333 2940
a 333 393 610
a 393 333 610
a 335 394 567
a 394 335 567
a 335 395 788
a 395 335 788
a 335 396 1087
a 396 335 1087
a 336 397 3585
a 397 336 3585
a 336 398 1619
a 398 336 1619
a 337 399 2691
a 399 337 2691
a 337 400 3420
a 400 337 3420
a 338 401 425
a 401 338 425
a 340 402 2850
a 402 340 2850
a 341 345 836
a 345 341 836
a 341 403 1205
a 403 341 1205
a 342 404 1558
a 404 342 1558
a 342 405 2044
a 405 342 2044
a 343 346 435
a 346 343 435
a 343 406 1293
a 406 343 1293
a 344 407 751
a 407 344 751
a 344 408 747
a 408 344 747
a 345 408 1482
a 408 345 1482
a 348 351 1179
a 351 348 1179
a 349 409 1537
a 409 349 1537
a 349 410 4754
a 410 349 4754
a 349 411 2824
a 411 349 2824
a 350 412 2824
a 412 350 2824
a 350 413 4780
a 413 350 4780
a 351 414 3537
a 414 351 3537
a 352 415 2414
a 415 352 2414
a 352 416 3204
a 416 352 3204
a 354 417 599
a 417 354 599
a 354 418 2797
a 418 354 2797
a 355 419 1097
a 419 355 1097
a 355 420 385
a 420 355 385
a 356 421 2783
a 421 356 2783
a 357 422 2649
a 422 357 2649
a 357 423 6505
a 423 357 6505
a 358 424 2616
a 424 358 2616
a 358 425 3536
a 425 358 3536
a 359 426 2186
a 426 359 2186
a 359 427 2305
a 427 359 2305
a 361 428 4042
a 428 361 4042
a 361 429 2613
a 429 361 2613
a 363 430 1543
a 430 363 1543
a 363 431 5357
a 431 363 5357
a 364 432 2956
a 432 364 2956
a 364 433 4105
a 433 364 4105
a 366 434 1578
a 434 366 1578
a 366 435 688
a 435 366 688
a 368 436 1974
a 436 368 1974
a 368 437 2459
a 437 368 2459
a 370 438 983
a 438 370 983
a 370 439 673
a 439 370 673
a 370 440 939
a 440 370 939
a 370 441 650
a 441 370 650
a 371 442 650
a 442 371 650
a 371 443 1267
a 443 371 1267
a 372 444 893
a 444 372 893
a 372 445 1702
a 445 372 1702
a 376 446 1476
a 446 376 1476
a 376 447 373
a 447 376 373
a 379 448 952
a 448 379 952
a 379 449 2340
a 449 379 2340
a 380 450 517
a 450 380 517
a 381 451 476
a 451 381 476
a 381 452 672
a 452 381 672
a 382 453 2003
a 453 382 2003
a 382 454 253
a 454 382 253
a 383 455 1458
a 455 383 1458
a 383 456 435
a 456 383 435
a 384 457 217
a 457 384 217
a 387 458 502
a 458 387 502
a 388 459 2347
a 459 388 2347
a 388 460 452
a 460 388 452
a 389 461 1810
a 461 389 1810
a 389 462 2190
a 462 389 2190
a 389 463 581
a 463 389 581
a 390 464 437
a 464 390 437
a 392 465 915
a 465 392 915
a 392 466 1702
a 466 392 1702
a 393 467 2690
a 467 393 2690
a 393 468 747
a 468 393 747
a 397 469 3071
a 469 397 3071
a 397 470 3803
a 470 397 3803
a 399 471 3503
a 471 399 3503
a 400 472 3553
a 472 400 3553
a 400 473 4642
a 473 400 4642
a 401 474 1296
a 474 401 1296
a 401 475 363
a 475 401 363
a 402 407 605
a 407 402 605
a 403 407 1341
a 407 403 1341
a 403 408 452
a 408 403 452
a 404 476 1507
a 476 404 1507
a 404 477 599
a 477 404 599
a 405 414 2182
a 414 405 2182
a 405 478 599
a 478 405 599
a 409 479 599
a 479 409 599
a 409 480 2007
a 480 409 2007
a 412 481 1033
a 481 412 1033
a 412 482 983
a 482 412 983
a 413 414 751
a 414 413 751
a 413 483 3904
a 483 413 3904
a 413 484 983
a 484 413 983
a 416 485 5259
a 485 416 5259
a 417 486 1852
a 486 417 1852
a 419 487 1186
a 487 419 1186
a 419 488 576
a 488 419 576
a 420 489 5592
a 489 420 5592
a 422 490 1168
a 490 422 1168
a 422 491 7283
a 491 422 7283
a 423 491 2718
a 491 423 2718
a 423 492 3963
a 492 423 3963
a 426 493 1225
a 493 426 1225
a 426 494 3157
a 494 426 3157
a 427 495 1499
a 495 427 1499
a 427 496 1523
a 496 427 1523
a 428 429 1769
a 429 428 1769
a 428 497 1258
a 497 428 1258
a 429 498 1307
a 498 429 1307
a 430 499 1974
a 499 430 1974
a 432 500 3696
a 500 432 3696
a 432 501 1654
a 501 432 1654
a 434 502 3824
a 502 434 3824
a 434 503 4017
a 503 434 4017
a 434 504 4298
a 504 434 4298
a 437 505 184
a 505 437 184
a 437 506 1209
a 506 437 1209
a 438 507 537
a 507 438 537
a 439 508 1281
a 508 439 1281
a 440 509 673
a 509 440 673
a 441 510 1254
a 510 441 1254
a 442 511 836
a 511 442 836
a 442 512 890
a 512 442 890
a 444 513 551
a 513 444 551
a 444 514 1004
a 514 444 1004
a 445 515 2508
a 515 445 2508
a 445 516 1224
a 516 445 1224
a 445 517 4679
a 517 445 4679
a 446 451 1342
a 451 446 1342
a 446 518 475
a 518 446 475
a 448 450 2305
a 450 448 2305
a 448 519 224
a 519 448 224
a 448 520 925
a 520 448 925
a 449 450 870
a 450 449 870
a 451 521 1778
a 521 451 1778
a 452 520 3911
a 520 452 3911
a 452 522 1027
a 522 452 1027
a 453 523 612
a 523 453 612
a 453 524 3911
a 524 453 3911
a 455 525 1518
a 525 455 1518
a 456 526 1181
a 526 456 1181
a 456 527 1031
a 527 456 1031
a 458 528 681
a 528 458 681
a 459 529 1120
a 529 459 1120
a 459 530 1963
a 530 459 1963
a 460 530 667
a 530 460 667
a 461 531 517
a 531 461 517
a 461 532 1063
a 532 461 1063
a 462 468 1022
a 468 462 1022
a 462 533 847
a 533 462 847
a 464 534 851
a 534 464 851
a 465 535 1472
a 535 465 1472
a 468 536 1103
a 536 468 1103
a 469 537 5752
a 537 469 5752
a 469 538 4481
a 538 469 4481
a 471 539 4704
a 539 471 4704
a 472 540 1695
a 540 472 1695
a 473 540 2452
a 540 473 2452
a 473 541 1481
a 541 473 1481
a 474 542 1279
a 542 474 1279
a 474 543 1433
a 543 474 1433
a 475 544 2209
a 544 475 2209
a 476 545 1031
a 545 476 1031
a 476 546 1509
a 546 476 1509
a 477 547 2285
a 547 477 2285
a 477 548 1873
a 548 477 1873
a 478 484 1085
a 484 478 1085
a 478 548 1592
a 548 478 1592
a 478 549 708
a 549 478 708
a 479 550 6196
a 550 479 6196
a 479 551 590
a 551 479 590
a 483 552 1609
a 552 483 1609
a 483 553 403
a 553 483 403
a 484 553 3750
a 553 484 3750
a 485 554 2913
a 554 485 2913
a 485 555 1257
a 555 485 1257
a 485 556 884
a 556 485 884
a 487 557 5348
a 557 487 5348
a 487 558 2668
a 558 487 2668
a 488 559 4802
a 559 488 4802
a 488 560 5503
a 560 488 5503
a 490 561 274
a 561 490 274
a 491 492 4219
a 492 491 4219
a 494 562 1042
a 562 494 1042
a 494 563 1267
a 563 494 1267
a 495 564 2935
a 564 495 2935
a 495 565 946
a 565 495 946
a 497 566 2468
a 566 497 2468
a 497 567 2856
a 567 497 2856
a 499 568 5764
a 568 499 5764
a 499 569 2798
a 569 499 2798
a 500 570 3330
a 570 500 3330
a 500 571 2203
a 571 500 2203
a 501 572 4720
a 572 501 4720
a 501 573 5233
a 573 501 5233
a 502 574 4470
a 574 502 4470
a 502 575 45
a 575 502 45
a 503 504 297
a 504 503 297
a 503 576 871
a 576 503 871
a 504 577 2081
a 577 504 2081
a 504 578 576
a 578 504 576
a 505 557 1070
a 557 505 1070
a 507 579 1221
a 579 507 1221
a 508 580 738
a 580 508 738
a 509 523 1008
a 523 509 1008
a 510 581 537
a 581 510 537
a 511 582 2725
a 582 511 2725
a 511 583 2714
a 583 511 2714
a 514 584 517
a 584 514 517
a 514 585 924
a 585 514 924
a 514 586 276
a 586 514 276
a 516 587 434
a 587 516 434
a 517 588 1402
a 588 517 1402
a 517 589 8386
a 589 517 8386
a 519 590 357
a 590 519 357
a 520 591 1004
a 591 520 1004
a 521 592 4684
a 592 521 4684
a 521 593 2930
a 593 521 2930
a 522 594 751
a 594 522 751
a 522 595 3187
a 595 522 3187
a 524 596 1188
a 596 524 1188
a 524 597 1029
a 597 524 1029
a 524 598 537
a 598 524 537
a 525 526 1066
a 526 525 1066
a 525 599 511
a 599 525 511
a 526 600 2802
a 600 526 2802
a 527 590 3704
a 590 527 3704
a 527 601 418
a 601 527 418
a 528 602 923
a 602 528 923
a 529 603 1533
a 603 529 1533
a 529 604 2616
a 604 529 2616
a 530 605 452
a 605 530 452
a 531 606 1558
a 606 531 1558
a 532 607 1293
a 607 532 1293
a 532 608 673
a 608 532 673
a 533 535 3153
a 535 533 3153
a 533 609 373
a 609 533 373
a 535 610 3343
a 610 535 3343
a 537 611 1357
a 611 537 1357
a 537 612 1475
a 612 537 1475
a 538 542 289
a 542 538 289
a 538 613 2313
a 613 538 2313
a 539 614 493
a 614 539 493
a 542 615 3187
a 615 542 3187
a 545 616 798
a 616 545 798
a 546 617 1210
a 617 546 1210
a 546 618 1121
a 618 546 1121
a 547 619 905
a 619 547 905
a 547 620 516
a 620 547 516
a 548 619 2353
a 619 548 2353
a 549 621 3140
a 621 549 3140
a 549 622 1142
a 622 549 1142
a 550 623 3346
a 623 550 3346
a 551 624 4757
a 624 551 4757
a 551 625 5322
a 625 551 5322
a 552 626 536
a 626 552 536
a 552 627 1671
a 627 552 1671
a 553 628 1022
a 628 553 1022
a 554 629 2261
a 629 554 2261
a 554 630 474
a 630 554 474
a 555 631 1530
a 631 555 1530
a 555 632 5087
a 632 555 5087
a 556 633 536
a 633 556 536
a 556 634 1312
a 634 556 1312
a 557 577 2951
a 577 557 2951
a 557 635 1140
a 635 557 1140
a 559 636 1101
a 636 559 1101
a 559 637 2176
a 637 559 2176
a 561 638 262
a 638 561 262
a 561 639 11748
a 639 561 11748
a 564 640 1902
a 640 564 1902
a 565 641 1012
a 641 565 1012
a 565 642 1287
a 642 565 1287
a 567 643 507
a 643 567 507
a 568 644 5253
a 644 568 5253
a 568 645 2727
a 645 568 2727
a 569 645 4038
a 645 569 4038
a 569 646 3098
a 646 569 3098
a 570 644 2906
a 644 570 2906
a 570 647 10602
a 647 570 10602
a 570 648 1954
a 648 570 1954
a 571 644 1925
a 644 571 1925
a 573 649 1226
a 649 573 1226
a 573 650 2644
a 650 573 2644
a 574 651 1687
a 651 574 1687
a 574 652 5432
a 652 574 5432
a 575 640 2360
a 640 575 2360
a 577 653 5678
a 653 577 5678
a 578 654 978
a 654 578 978
a 579 655 4220
a 655 579 4220
a 580 656 713
a 656 580 713
a 580 657 4632
a 657 580 4632
a 581 658 1086
a 658 581 1086
a 585 659 435
a 659 585 435
a 585 660 1268
a 660 585 1268
a 587 661 1232
a 661 587 1232
a 587 662 1464
a 662 587 1464
a 588 663 1600
a 663 588 1600
a 588 664 676
a 664 588 676
a 589 602 841
a 602 589 841
a 589 665 1858
a 665 589 1858
a 590 600 1111
a 600 590 1111
a 591 666 757
a 666 591 757
a 591 667 1762
a 667 591 1762
a 592 593 1756
a 593 592 1756
a 592 668 673
a 668 592 673
a 593 669 610
a 669 593 610
a 594 670 827
a 670 594 827
a 594 671 3125
a 671 594 3125
a 595 671 629
a 671 595 629
a 595 672 810
a 672 595 810
a 596 673 1004
a 673 596 1004
a 596 674 1578
a 674 596 1578
a 597 675 905
a 675 597 905
a 597 676 252
a 676 597 252
a 598 677 4382
a 677 598 4382
a 598 678 1181
a 678 598 1181
a 600 679 1161
a 679 600 1161
a 602 680 1319
a 680 602 1319
a 603 681 1143
a 681 603 1143
a 603 682 5129
a 682 603 5129
a 603 683 276
a 683 603 276
a 604 605 672
a 605 604 672
a 604 684 1222
a 684 604 1222
a 605 685 649
a 685 605 649
a 606 686 1675
a 686 606 1675
a 606 687 2198
a 687 606 2198
a 606 688 2045
a 688 606 2045
a 607 687 1055
a 687 607 1055
a 607 689 1977
a 689 607 1977
a 608 609 744
a 609 608 744
a 608 690 554
a 690 608 554
a 609 689 1145
a 689 609 1145
a 610 691 1026
a 691 610 1026
a 610 692 524
a 692 610 524
a 611 693 1031
a 693 611 1031
a 611 694 1683
a 694 611 1683
a 613 695 643
a 695 613 643
a 614 696 127
a 696 614 127
a 614 697 2979
a 697 614 2979
a 616 698 2966
a 698 616 2966
a 617 699 1121
a 699 617 1121
a 617 700 1310
a 700 617 1310
a 618 699 1052
a 699 618 1052
a 618 701 984
a 701 618 984
a 619 702 1304
a 702 619 1304
a 620 703 1830
a 703 620 1830
a 620 704 435
a 704 620 435
a 621 702 893
a 702 621 893
a 621 705 1675
a 705 621 1675
a 622 705 1223
a 705 622 1223
a 622 706 884
a 706 622 884
a 624 707 2983
a 707 624 2983
a 624 708 4888
a 708 624 4888
a 627 709 2321
a 709 627 2321
a 627 710 452
a 710 627 452
a 628 711 3019
a 711 628 3019
a 628 712 869
a 712 628 869
a 630 713 1585
a 713 630 1585
a 630 714 2635
a 714 630 2635
a 631 715 1810
a 715 631 1810
a 631 716 4322
a 716 631 4322
a 632 716 1014
a 716 632 1014
a 632 717 1115
a 717 632 1115
a 633 718 4008
a 718 633 4008
a 633 719 1697
a 719 633 1697
a 635 720 6539
a 720 635 6539
a 635 721 5060
a 721 635 5060
a 637 722 1742
a 722 637 1742
a 637 723 4006
a 723 637 4006
a 638 724 245
a 724 638 245
a 638 725 12765
a 725 638 12765
a 639 725 907
a 725 639 907
a 639 726 1324
a 726 639 1324
a 640 727 3036
a 727 640 3036
a 640 728 2008
a 728 640 2008
a 643 729 3119
a 729 643 3119
a 645 730 8098
a 730 645 8098
a 645 731 2425
a 731 645 2425
a 647 732 762
a 732 647 762
a 647 733 219
a 733 647 219
a 648 734 4564
a 734 648 4564
a 648 735 3134
a 735 648 3134
a 651 736 259
a 736 651 259
a 655 737 2676
a 737 655 2676
a 656 738 1206
a 738 656 1206
a 656 739 873
a 739 656 873
a 657 740 604
a 740 657 604
a 657 741 1073
a 741 657 1073
a 658 742 778
a 742 658 778
a 658 743 1275
a 743 658 1275
a 660 744 682
a 744 660 682
a 660 745 1664
a 745 660 1664
a 660 746 354
a 746 660 354
a 661 747 7963
a 747 661 7963
a 662 748 590
a 748 662 590
a 662 749 2490
a 749 662 2490
a 663 750 1334
a 750 663 1334
a 663 751 1301
a 751 663 1301
a 664 665 5191
a 665 664 5191
a 664 752 695
a 752 664 695
a 665 753 1727
a 753 665 1727
a 666 754 789
a 754 666 789
a 666 755 3199
a 755 666 3199
a 666 756 2418
a 756 666 2418
a 667 757 1427
a 757 667 1427
a 667 758 432
a 758 667 432
a 668 759 3892
a 759 668 3892
a 669 760 2679
a 760 669 2679
a 669 761 828
a 761 669 828
a 670 762 612
a 762 670 612
a 670 763 3224
a 763 670 3224
a 671 763 878
a 763 671 878
a 672 754 612
a 754 672 612
a 672 764 3422
a 764 672 3422
a 673 742 2532
a 742 673 2532
a 673 765 2557
a 765 673 2557
a 674 766 2279
a 766 674 2279
a 674 767 2481
a 767 674 2481
a 675 768 1483
a 768 675 1483
a 675 769 421
a 769 675 421
a 677 770 599
a 770 677 599
a 677 771 827
a 771 677 827
a 678 771 4340
a 771 678 4340
a 678 772 1079
a 772 678 1079
a 679 770 2046
a 770 679 2046
a 680 773 2354
a 773 680 2354
a 681 684 2271
a 684 681 2271
a 681 774 1268
a 774 681 1268
a 682 775 403
a 775 682 403
a 684 776 60
a 776 684 60
a 685 777 1691
a 777 685 1691
a 685 778 484
a 778 685 484
a 686 718 2354
a 718 686 2354
a 686 779 1513
a 779 686 1513
a 687 718 1445
a 718 687 1445
a 687 719 2810
a 719 687 2810
a 688 779 1375
a 779 688 1375
a 689 780 1724
a 780 689 1724
a 691 781 1585
a 781 691 1585
a 691 782 262
a 782 691 262
a 692 780 2025
a 780 692 2025
a 692 783 1247
a 783 692 1247
a 696 784 3073
a 784 696 3073
a 698 785 2004
a 785 698 2004
a 699 786 1036
a 786 699 1036
a 701 786 996
a 786 701 996
a 701 787 944
a 787 701 944
a 702 788 788
a 788 702 788
a 703 789 1197
a 789 703 1197
a 703 790 818
a 790 703 818
a 707 791 4861
a 791 707 4861
a 707 792 1168
a 792 707 1168
a 708 793 2908
a 793 708 2908
a 708 794 748
a 794 708 748
a 709 795 252
a 795 709 252
a 709 796 1015
a 796 709 1015
a 710 796 1447
a 796 710 1447
a 710 797 756
a 797 710 756
a 711 712 3017
a 712 711 3017
a 711 788 420
a 788 711 420
a 712 798 1681
a 798 712 1681
a 713 781 889
a 781 713 889
a 714 799 1719
a 799 714 1719
a 714 800 2016
a 800 714 2016
a 715 801 1675
a 801 715 1675
a 715 802 5506
a 802 715 5506
a 716 802 796
a 802 716 796
a 717 803 1031
a 803 717 1031
a 717 804 2030
a 804 717 2030
a 719 780 276
a 780 719 276
a 720 805 2414
a 805 720 2414
a 720 806 2455
a 806 720 2455
a 721 807 901
a 807 721 901
a 721 808 3991
a 808 721 3991
a 724 737 2039
a 737 724 2039
a 725 809 575
a 809 725 575
a 725 810 201
a 810 725 201
a 726 811 632
a 811 726 632
a 727 812 5677
a 812 727 5677
a 728 813 4442
a 813 728 4442
a 728 814 3089
a 814 728 3089
a 729 815 5423
a 815 729 5423
a 729 816 5299
a 816 729 5299
a 730 817 1768
a 817 730 1768
a 730 818 2223
a 818 730 2223
a 731 819 1089
a 819 731 1089
a 731 820 1650
a 820 731 1650
a 732 821 6881
a 821 732 6881
a 732 822 2845
a 822 732 2845
a 733 823 2478
a 823 733 2478
a 734 824 1178
a 824 734 1178
a 734 825 3155
a 825 734 3155
a 735 826 2871
a 826 735 2871
a 735 827 1933
a 827 735 1933
a 738 828 1769
a 828 738 1769
a 738 829 1421
a 829 738 1421
a 739 830 3359
a 830 739 3359
a 739 831 2348
a 831 739 2348
a 740 832 5097
a 832 740 5097
a 740 833 652
a 833 740 652
a 741 834 808
a 834 741 808
a 741 835 319
a 835 741 319
a 742 836 1464
a 836 742 1464
a 743 837 354
a 837 743 354
a 743 838 344
a 838 743 344
a 748 839 2526
a 839 748 2526
a 748 840 1445
a 840 748 1445
a 749 841 1009
a 841 749 1009
a 750 842 556
a 842 750 556
a 751 842 2189
a 842 751 2189
a 751 843 561
a 843 751 561
a 752 844 2537
a 844 752 2537
a 753 844 2295
a 844 753 2295
a 754 755 2645
a 755 754 2645
a 756 757 650
a 757 756 650
a 756 845 2178
a 845 756 2178
a 757 846 1342
a 846 757 1342
a 758 847 415
a 847 758 415
a 759 848 713
a 848 759 713
a 759 849 4688
a 849 759 4688
a 760 850 2170
a 850 760 2170
a 760 851 873
a 851 760 873
a 761 762 827
a 762 761 827
a 761 851 2441
a 851 761 2441
a 762 852 2950
a 852 762 2950
a 763 852 629
a 852 763 629
a 764 845 373
a 845 764 373
a 764 853 1322
a 853 764 1322
a 765 767 1141
a 767 765 1141
a 765 854 1398
a 854 765 1398
a 766 767 952
a 767 766 952
a 766 855 849
a 855 766 849
a 768 770 873
a 770 768 873
a 768 856 552
a 856 768 552
a 771 857 1027
a 857 771 1027
a 772 858 1111
a 858 772 1111
a 772 859 3699
a 859 772 3699
a 773 860 1750
a 860 773 1750
a 773 861 869
a 861 773 869
a 774 862 905
a 862 774 905
a 774 863 878
a 863 774 878
a 776 864 612
a 864 776 612
a 777 865 624
a 865 777 624
a 777 866 740
a 866 777 740
a 779 867 1669
a 867 779 1669
a 781 868 1065
a 868 781 1065
a 782 869 350
a 869 782 350
a 782 870 2023
a 870 782 2023
a 784 871 3453
a 871 784 3453
a 784 872 1698
a 872 784 1698
a 785 873 1553
a 873 785 1553
a 785 874 870
a 874 785 870
a 786 875 969
a 875 786 969
a 787 875 960
a 875 787 960
a 787 876 644
a 876 787 644
a 788 877 1225
a 877 788 1225
a 789 878 1055
a 878 789 1055
a 789 879 788
a 879 789 788
a 790 880 3335
a 880 790 3335
a 790 881 827
a 881 790 827
a 791 882 2219
a 882 791 2219
a 791 883 2172
a 883 791 2172
a 792 884 1223
a 884 792 1223
a 792 885 3799
a 885 792 3799
a 796 886 847
a 886 796 847
a 797 798 475
a 798 797 475
a 797 887 1558
a 887 797 1558
a 798 888 1768
a 888 798 1768
a 804 867 1675
a 867 804 1675
a 804 889 581
a 889 804 581
a 806 890 501
a 890 806 501
a 806 891 3123
a 891 806 3123
a 809 811 711
a 811 809 711
a 809 892 1542
a 892 809 1542
a 809 893 437
a 893 809 437
a 811 894 781
a 894 811 781
a 812 895 2424
a 895 812 2424
a 812 896 1160
a 896 812 1160
a 813 897 6662
a 897 813 6662
a 813 898 3094
a 898 813 3094
a 814 816 1024
a 816 814 1024
a 814 899 795
a 899 814 795
a 815 900 3356
a 900 815 3356
a 815 901 1133
a 901 815 1133
a 816 902 2763
a 902 816 2763
a 817 903 2217
a 903 817 2217
a 817 904 1955
a 904 817 1955
a 818 905 609
a 905 818 609
a 819 900 2445
a 900 819 2445
a 821 906 4072
a 906 821 4072
a 821 907 5331
a 907 821 5331
a 821 908 132
a 908 821 132
a 823 824 5070
a 824 823 5070
a 823 909 3593
a 909 823 3593
a 824 910 1293
a 910 824 1293
a 828 911 1141
a 911 828 1141
a 828 912 1029
a 912 828 1029
a 830 833 742
a 833 830 742
a 830 913 976
a 913 830 976
a 831 912 810
a 912 831 810
a 831 913 1499
a 913 831 1499
a 832 914 1458
a 914 832 1458
a 832 915 1095
a 915 832 1095
a 835 916 294
a 916 835 294
a 835 917 309
a 917 835 309
a 836 918 2035
a 918 836 2035
a 836 919 1338
a 919 836 1338
a 837 920 445
a 920 837 445
a 837 921 1482
a 921 837 1482
a 838 919 1494
a 919 838 1494
a 838 922 354
a 922 838 354
a 839 923 2190
a 923 839 2190
a 839 924 2002
a 924 839 2002
a 840 925 1430
a 925 840 1430
a 840 926 841
a 926 840 841
a 841 924 757
a 924 841 757
a 841 927 2005
a 927 841 2005
a 842 928 1066
a 928 842 1066
a 844 860 2648
a 860 844 2648
a 845 929 818
a 929 845 818
a 846 929 1027
a 929 846 1027
a 846 930 315
a 930 846 315
a 847 931 1427
a 931 847 1427
a 847 932 673
a 932 847 673
a 848 933 4665
a 933 848 4665
a 848 934 3204
a 934 848 3204
a 848 935 672
a 935 848 672
a 849 936 111
a 936 849 111
a 850 937 924
a 937 850 924
a 850 938 418
a 938 850 418
a 851 853 610
a 853 851 610
a 852 853 878
a 853 852 878
a 854 918 682
a 918 854 682
a 854 939 4677
a 939 854 4677
a 855 858 1222
a 858 855 1222
a 855 940 1183
a 940 855 1183
a 857 859 747
a 859 857 747
a 857 932 1342
a 932 857 1342
a 858 941 878
a 941 858 878
a 859 942 939
a 942 859 939
a 860 943 590
a 943 860 590
a 862 944 2888
a 944 862 2888
a 862 945 1897
a 945 862 1897
a 863 946 2348
a 946 863 2348
a 863 947 2223
a 947 863 2223
a 864 948 2248
a 948 864 2248
a 864 949 556
a 949 864 556
a 867 950 2294
a 950 867 2294
a 871 951 845
a 951 871 845
a 871 952 1773
a 952 871 1773
a 872 953 1406
a 953 872 1406
a 874 954 833
a 954 874 833
a 874 955 816
a 955 874 816
a 875 876 765
a 876 875 765
a 876 956 511
a 956 876 511
a 877 879 893
a 879 877 893
a 877 888 2489
a 888 877 2489
a 878 881 354
a 881 878 354
a 878 957 551
a 957 878 551
a 879 958 904
a 958 879 904
a 880 959 877
a 959 880 877
a 880 960 884
a 960 880 884
a 881 960 2237
a 960 881 2237
a 882 961 1796
a 961 882 1796
a 884 962 2397
a 962 884 2397
a 884 963 4183
a 963 884 4183
a 886 887 889
a 887 886 889
a 886 964 889
a 964 886 889
a 887 965 872
a 965 887 872
a 888 965 1031
a 965 888 1031
a 889 961 667
a 961 889 667
a 890 966 474
a 966 890 474
a 892 893 1589
a 893 892 1589
a 892 967 3850
a 967 892 3850
a 893 968 575
a 968 893 575
a 894 969 5440
a 969 894 5440
a 895 970 5613
a 970 895 5613
a 897 971 629
a 971 897 629
a 897 972 2429
a 972 897 2429
a 898 973 2069
a 973 898 2069
a 898 974 1264
a 974 898 1264
a 899 975 740
a 975 899 740
a 899 976 1076
a 976 899 1076
a 900 977 5505
a 977 900 5505
a 901 978 980
a 978 901 980
a 901 979 1551
a 979 901 1551
a 902 980 670
a 980 902 670
a 902 981 859
a 981 902 859
a 904 982 2358
a 982 904 2358
a 904 983 1745
a 983 904 1745
a 906 984 4322
a 984 906 4322
a 906 985 4977
a 985 906 4977
a 907 985 937
a 985 907 937
a 907 986 4167
a 986 907 4167
a 909 910 2643
a 910 909 2643
a 909 987 4558
a 987 909 4558
a 911 988 751
a 988 911 751
a 911 989 1882
a 989 911 1882
a 912 990 1559
a 990 912 1559
a 913 990 1534
a 990 913 1534
a 914 991 836
a 991 914 836
a 914 992 1181
a 992 914 1181
a 914 993 8418
a 993 914 8418
a 918 994 2552
a 994 918 2552
a 918 995 344
a 995 918 344
a 919 996 789
a 996 919 789
a 921 988 751
a 988 921 751
a 921 996 1745
a 996 921 1745
a 923 997 1891
a 997 923 1891
a 923 998 1398
a 998 923 1398
a 923 999 1009
a 999 923 1009
a 924 1000 562
a 1000 924 562
a 925 1001 435
a 1001 925 435
a 925 1002 796
a 1002 925 796
a 927 1003 1140
a 1003 927 1140
a 929 938 757
a 938 929 757
a 930 1004 382
a 1004 930 382
a 931 1004 1152
a 1004 931 1152
a 931 1005 788
a 1005 931 788
a 932 1006 475
a 1006 932 475
a 933 1007 1448
a 1007 933 1448
a 934 1008 827
a 1008 934 827
a 935 1009 2654
a 1009 935 2654
a 935 1010 202
a 1010 935 202
a 936 1011 1967
a 1011 936 1967
a 936 1012 2003
a 1012 936 2003
a 937 938 556
a 938 937 556
a 937 1013 317
a 1013 937 317
a 939 940 1140
a 940 939 1140
a 939 1014 7531
a 1014 939 7531
a 940 1015 2305
a 1015 940 2305
a 941 1016 2178
a 1016 941 2178
a 941 1017 4966
a 1017 941 4966
a 942 1017 2855
a 1017 942 2855
a 942 1018 927
a 1018 942 927
a 944 1019 1258
a 1019 944 1258
a 944 1020 1226
a 1020 944 1226
a 945 947 765
a 947 945 765
a 945 1020 435
a 1020 945 435
a 946 947 757
a 947 946 757
a 946 1021 765
a 1021 946 765
a 948 949 1700
a 949 948 1700
a 948 1022 562
a 1022 948 562
a 950 1023 557
a 1023 950 557
a 950 1024 673
a 1024 950 673
a 951 1025 1357
a 1025 951 1357
a 952 1026 1170
a 1026 952 1170
a 954 1027 400
a 1027 954 400
a 956 1028 466
a 1028 956 466
a 957 1029 756
a 1029 957 756
a 957 1030 1014
a 1030 957 1014
a 958 1031 847
a 1031 958 847
a 958 1032 1115
a 1032 958 1115
a 959 1033 796
a 1033 959 796
a 959 1034 511
a 1034 959 511
a 960 1030 1283
a 1030 960 1283
a 962 1035 1705
a 1035 962 1705
a 962 1036 3028
a 1036 962 3028
a 965 1032 1140
a 1032 965 1140
a 966 1037 1475
a 1037 966 1475
a 967 1038 3290
a 1038 967 3290
a 967 1039 903
a 1039 967 903
a 967 1040 3928
a 1040 967 3928
a 968 1041 400
a 1041 968 400
a 969 1042 3129
a 1042 969 3129
a 969 1043 549
a 1043 969 549
a 969 1044 892
a 1044 969 892
a 970 1045 1554
a 1045 970 1554
a 970 1046 1501
a 1046 970 1501
a 971 1047 1993
a 1047 971 1993
a 971 1048 3354
a 1048 971 3354
a 972 1049 1022
a 1049 972 1022
a 975 1050 1939
a 1050 975 1939
a 975 1051 2630
a 1051 975 2630
a 977 1052 10228
a 1052 977 10228
a 977 1053 1619
a 1053 977 1619
a 980 1054 936
a 1054 980 936
a 980 1055 788
a 1055 980 788
a 981 1056 274
a 1056 981 274
a 982 1057 6672
a 1057 982 6672
a 983 1058 3399
a 1058 983 3399
a 984 1059 5719
a 1059 984 5719
a 984 1060 5053
a 1060 984 5053
a 984 1061 5017
a 1061 984 5017
a 985 1062 788
a 1062 985 788
a 986 1063 452
a 1063 986 452
a 987 1064 4227
a 1064 987 4227
a 987 1065 3012
a 1065 987 3012
a 988 996 1986
a 996 988 1986
a 989 1066 1029
a 1066 989 1029
a 989 1067 1080
a 1067 989 1080
a 990 993 2418
a 993 990 2418
a 991 1068 3771
a 1068 991 3771
a 991 1069 751
a 1069 991 751
a 991 1070 2160
a 1070 991 2160
a 992 1071 2410
a 1071 992 2410
a 993 1072 1948
a 1072 993 1948
a 994 1067 1086
a 1067 994 1086
a 994 1072 2749
a 1072 994 2749
a 995 1073 688
a 1073 995 688
a 997 1074 1334
a 1074 997 1334
a 997 1075 1009
a 1075 997 1009
a 998 1076 2252
a 1076 998 2252
a 998 1077 1632
a 1077 998 1632
a 999 1075 1891
a 1075 999 1891
a 999 1078 1015
a 1078 999 1015
a 1000 1079 672
a 1079 1000 672
a 1000 1080 2358
a 1080 1000 2358
a 1002 1081 4674
a 1081 1002 4674
a 1002 1082 757
a 1082 1002 757
a 1003 1019 947
a 1019 1003 947
a 1004 1083 1613
a 1083 1004 1613
a 1005 1018 1686
a 1018 1005 1686
a 1005 1084 2552
a 1084 1005 2552
a 1007 1085 2693
a 1085 1007 2693
a 1008 1086 3464
a 1086 1008 3464
a 1009 1087 2181
a 1087 1009 2181
a 1009 1088 747
a 1088 1009 747
a 1010 1089 3732
a 1089 1010 3732
a 1010 1090 713
a 1090 1010 713
a 1011 1091 976
a 1091 1011 976
a 1011 1092 1103
a 1092 1011 1103
a 1012 1093 3054
a 1093 1012 3054
a 1012 1094 694
a 1094 1012 694
a 1012 1095 740
a 1095 1012 740
a 1013 1096 355
a 1096 1013 355
a 1014 1097 927
a 1097 1014 927
a 1014 1098 605
a 1098 1014 605
a 1015 1016 927
a 1016 1015 927
a 1015 1099 3095
a 1099 1015 3095
a 1016 1100 2753
a 1100 1016 2753
a 1017 1100 650
a 1100 1017 650
a 1018 1101 3689
a 1101 1018 3689
a 1019 1102 1033
a 1102 1019 1033
a 1020 1103 1702
a 1103 1020 1702
a 1021 1022 905
a 1022 1021 905
a 1021 1104 1234
a 1104 1021 1234
a 1022 1105 688
a 1105 1022 688
a 1023 1106 84
a 1106 1023 84
a 1025 1107 336
a 1107 1025 336
a 1025 1108 557
a 1108 1025 557
a 1026 1109 2479
a 1109 1026 2479
a 1026 1110 1276
a 1110 1026 1276
a 1027 1111 265
a 1111 1027 265
a 1027 1112 475
a 1112 1027 475
a 1029 1031 1015
a 1031 1029 1015
a 1029 1113 5866
a 1113 1029 5866
a 1030 1114 276
a 1114 1030 276
a 1031 1115 3889
a 1115 1031 3889
a 1032 1116 737
a 1116 1032 737
a 1033 1117 344
a 1117 1033 344
a 1033 1118 1467
a 1118 1033 1467
a 1034 1119 631
a 1119 1034 631
a 1035 1120 2531
a 1120 1035 2531
a 1037 1121 1281
a 1121 1037 1281
a 1037 1122 2139
a 1122 1037 2139
a 1039 1123 4505
a 1123 1039 4505
a 1039 1124 4029
a 1124 1039 4029
a 1040 1125 371
a 1125 1040 371
a 1041 1044 4841
a 1044 1041 4841
a 1042 1126 865
a 1126 1042 865
a 1042 1127 889
a 1127 1042 889
a 1043 1044 871
a 1044 1043 871
a 1043 1127 3854
a 1127 1043 3854
a 1045 1128 4491
a 1128 1045 4491
a 1045 1129 5120
a 1129 1045 5120
a 1045 1130 516
a 1130 1045 516
a 1046 1131 1394
a 1131 1046 1394
a 1046 1132 4288
a 1132 1046 4288
a 1047 1133 7122
a 1133 1047 7122
a 1047 1134 2240
a 1134 1047 2240
a 1048 1135 984
a 1135 1048 984
a 1048 1136 4566
a 1136 1048 4566
a 1048 1137 2276
a 1137 1048 2276
a 1049 1138 3699
a 1138 1049 3699
a 1050 1139 309
a 1139 1050 309
a 1051 1140 122
a 1140 1051 122
a 1052 1141 1031
a 1141 1052 1031
a 1052 1142 6201
a 1142 1052 6201
a 1053 1133 1828
a 1133 1053 1828
a 1053 1143 3343
a 1143 1053 3343
a 1054 1144 611
a 1144 1054 611
a 1057 1145 3349
a 1145 1057 3349
a 1057 1146 483
a 1146 1057 483
a 1058 1147 2063
a 1147 1058 2063
a 1058 1148 1782
a 1148 1058 1782
a 1059 1145 4006
a 1145 1059 4006
a 1059 1149 3009
a 1149 1059 3009
a 1060 1150 2461
a 1150 1060 2461
a 1062 1151 4209
a 1151 1062 4209
a 1062 1152 2410
a 1152 1062 2410
a 1063 1065 1674
a 1065 1063 1674
a 1063 1153 3163
a 1153 1063 3163
a 1064 1154 852
a 1154 1064 852
a 1065 1155 3766
a 1155 1065 3766
a 1066 1067 1614
a 1067 1066 1614
a 1066 1072 1161
a 1072 1066 1161
a 1068 1156 9858
a 1156 1068 9858
a 1069 1157 1545
a 1157 1069 1545
a 1070 1158 1006
a 1158 1070 1006
a 1073 1159 418
a 1159 1073 418
a 1074 1160 782
a 1160 1074 782
a 1074 1161 1938
a 1161 1074 1938
a 1075 1162 925
a 1162 1075 925
a 1076 1163 778
a 1163 1076 778
a 1077 1164 562
a 1164 1077 562
a 1077 1165 673
a 1165 1077 673
a 1078 1162 1778
a 1162 1078 1778
a 1078 1165 1786
a 1165 1078 1786
a 1079 1166 1454
a 1166 1079 1454
a 1079 1167 749
a 1167 1079 749
a 1080 1102 562
a 1102 1080 562
a 1080 1166 238
a 1166 1080 238
a 1081 1168 2688
a 1168 1081 2688
