c In this file, the DIMACS format is extended by allowing arcs of infinite weight.
c These are specified by "a U V inf", where U and V are vertex IDs.
p sp 2000 5360
a 1 2 653
a 2 1 653
a 1 3 844
a 3 1 844
a 2 4 526
a 4 2 526
a 2 5 804
a 5 2 804
a 2 6 558
a 6 2 558
a 3 7 612
a 7 3 612
a 3 8 1022
a 8 3 1022
a 3 9 2816
a 9 3 2816
a 4 5 1060
a 5 4 1060
a 4 10 1032
a 10 4 1032
a 5 11 1405
a 11 5 1405
a 5 12 1732
a 12 5 1732
a 6 8 709
a 8 6 709
a 7 13 373
a 13 7 373
a 8 14 985
a 14 8 985
a 8 15 139
a 15 8 139
a 9 16 1296
a 16 9 1296
a 9 17 398
a 17 9 398
a 10 18 505
a 18 10 505
a 11 19 531
a 19 11 531
a 12 20 5054
a 20 12 5054
a 13 21 2047
a 21 13 2047
a 13 22 1066
a 22 13 1066
a 14 16 641
a 16 14 641
a 15 18 884
a 18 15 884
a 17 23 805
a 23 17 805
a 18 24 976
a 24 18 976
a 18 25 1519
a 25 18 1519
a 19 20 5404
a 20 19 5404
a 20 26 3121
a 26 20 3121
a 21 22 1365
a 22 21 1365
a 21 27 1086
a 27 21 1086
a 22 27 810
a 27 22 810
a 22 28 677
a 28 22 677
a 23 29 700
a 29 23 700
a 24 25 1283
a 25 24 1283
a 24 30 552
a 30 24 552
a 24 31 1022
a 31 24 1022
a 25 32 1306
a 32 25 1306
a 25 33 279
a 33 25 279
a 26 34 4922
a 34 26 4922
a 26 35 893
a 35 26 893
a 26 36 1111
a 36 26 1111
a 27 37 279
a 37 27 279
a 28 38 1168
a 38 28 1168
a 28 39 836
a 39 28 836
a 29 40 853
a 40 29 853
a 30 41 1387
a 41 30 1387
a 30 42 1255
a 42 30 1255
a 31 43 2320
a 43 31 2320
a 32 44 8247
a 44 32 8247
a 33 45 1438
a 45 33 1438
a 33 46 610
a 46 33 610
a 34 47 2160
a 47 34 2160
a 34 48 1014
a 48 34 1014
a 34 49 672
a 49 34 672
a 35 50 893
a 50 35 893
a 35 51 630
a 51 35 630
a 36 52 333
a 52 36 333
a 36 53 1351
a 53 36 1351
a 37 38 738
a 38 37 738
a 37 54 810
a 54 37 810
a 38 55 807
a 55 38 807
a 38 56 650
a 56 38 650
a 39 55 890
a 55 39 890
a 39 57 673
a 57 39 673
a 39 58 522
a 58 39 522
a 40 59 561
a 59 40 561
a 41 42 1458
a 42 41 1458
a 41 60 1168
a 60 41 1168
a 42 61 610
a 61 42 610
a 43 62 1396
a 62 43 1396
a 43 63 476
a 63 43 476
a 44 64 1163
a 64 44 1163
a 44 65 203
a 65 44 203
a 44 66 898
a 66 44 898
a 46 67 373
a 67 46 373
a 46 68 1342
a 68 46 1342
a 47 69 476
a 69 47 476
a 48 70 905
a 70 48 905
a 48 71 1100
a 71 48 1100
a 49 72 672
a 72 49 672
a 49 73 1716
a 73 49 1716
a 50 74 2113
a 74 50 2113
a 50 75 926
a 75 50 926
a 51 76 1447
a 76 51 1447
a 51 77 849
a 77 51 849
a 52 78 452
a 78 52 452
a 52 79 1519
a 79 52 1519
a 53 80 1351
a 80 53 1351
a 53 81 796
a 81 53 796
a 54 56 952
a 56 54 952
a 54 82 673
a 82 54 673
a 55 83 738
a 83 55 738
a 55 84 3247
a 84 55 3247
a 56 85 788
a 85 56 788
a 57 83 836
a 83 57 836
a 57 86 418
a 86 57 418
a 59 87 938
a 87 59 938
a 60 88 989
a 88 60 989
a 60 89 297
a 89 60 297
a 61 90 1027
a 90 61 1027
a 61 91 713
a 91 61 713
a 62 92 2138
a 92 62 2138
a 62 93 2403
a 93 62 2403
a 62 94 1986
a 94 62 1986
a 63 95 418
a 95 63 418
a 63 96 890
a 96 63 890
a 64 97 652
a 97 64 652
a 64 98 1191
a 98 64 1191
a 65 99 527
a 99 65 527
a 66 100 10440
a 100 66 10440
a 67 101 650
a 101 67 650
a 67 102 475
a 102 67 475
a 68 103 1259
a 103 68 1259
a 69 104 1811
a 104 69 1811
a 70 105 562
a 105 70 562
a 70 106 2547
a 106 70 2547
a 71 107 1599
a 107 71 1599
a 71 108 1115
a 108 71 1115
a 72 109 848
a 109 72 848
a 72 110 1428
a 110 72 1428
a 72 111 1551
a 111 72 1551
a 73 111 672
a 111 73 672
a 73 112 796
a 112 73 796
a 74 113 1558
a 113 74 1558
a 74 114 1578
a 114 74 1578
a 74 115 355
a 115 74 355
a 75 114 1505
a 114 75 1505
a 75 116 2031
a 116 75 2031
a 76 115 1268
a 115 76 1268
a 76 117 1210
a 117 76 1210
a 77 118 1631
a 118 77 1631
a 77 119 1767
a 119 77 1767
a 78 81 1435
a 81 78 1435
a 78 120 672
a 120 78 672
a 80 121 789
a 121 80 789
a 80 122 713
a 122 80 713
a 81 122 1448
a 122 81 1448
a 81 123 782
a 123 81 782
a 82 85 1142
a 85 82 1142
a 82 124 751
a 124 82 751
a 83 125 738
a 125 83 738
a 83 126 3239
a 126 83 3239
a 84 127 782
a 127 84 782
a 84 128 252
a 128 84 252
a 85 129 837
a 129 85 837
a 86 130 1483
a 130 86 1483
a 87 131 1112
a 131 87 1112
a 88 132 1034
a 132 88 1034
a 89 132 2239
a 132 89 2239
a 89 133 867
a 133 89 867
a 90 133 1140
a 133 90 1140
a 90 134 1888
a 134 90 1888
a 90 135 1342
a 135 90 1342
a 91 136 1476
a 136 91 1476
a 91 137 1255
a 137 91 1255
a 92 93 270
a 93 92 270
a 92 138 75
a 138 92 75
a 92 139 1519
a 139 92 1519
a 93 140 2992
a 140 93 2992
a 96 141 751
a 141 96 751
a 96 142 1363
a 142 96 1363
a 97 143 2005
a 143 97 2005
a 97 144 671
a 144 97 671
a 99 145 1291
a 145 99 1291
a 100 146 4309
a 146 100 4309
a 102 147 3206
a 147 102 3206
a 102 148 605
a 148 102 605
a 103 149 474
a 149 103 474
a 103 150 1379
a 150 103 1379
a 104 151 630
a 151 104 630
a 104 152 344
a 152 104 344
a 104 153 452
a 153 104 452
a 105 154 2482
a 154 105 2482
a 105 155 782
a 155 105 782
a 105 156 2451
a 156 105 2451
a 106 107 667
a 107 106 667
a 106 156 667
a 156 106 667
a 106 157 1852
a 157 106 1852
a 107 120 1865
a 120 107 1865
a 109 158 344
a 158 109 344
a 109 159 1469
a 159 109 1469
a 110 116 890
a 116 110 890
a 110 160 1161
a 160 110 1161
a 111 161 452
a 161 111 452
a 112 162 517
a 162 112 517
a 113 163 6726
a 163 113 6726
a 113 164 605
a 164 113 605
a 114 165 476
a 165 114 476
a 114 166 697
a 166 114 697
a 115 167 948
a 167 115 948
a 116 168 276
a 168 116 276
a 117 167 1396
a 167 117 1396
a 117 169 2017
a 169 117 2017
a 118 170 1210
a 170 118 1210
a 118 171 697
a 171 118 697
a 119 171 1066
a 171 119 1066
a 119 172 1141
a 172 119 1141
a 120 123 1431
a 123 120 1431
a 120 157 889
a 157 120 889
a 121 173 789
a 173 121 789
a 121 174 1546
a 174 121 1546
a 122 175 782
a 175 122 782
a 123 175 1448
a 175 123 1448
a 123 176 688
a 176 123 688
a 124 129 1209
a 129 124 1209
a 124 177 751
a 177 124 751
a 125 178 1698
a 178 125 1698
a 125 179 3421
a 179 125 3421
a 126 179 233
a 179 126 233
a 127 179 673
a 179 127 673
a 127 180 1796
a 180 127 1796
a 127 181 849
a 181 127 849
a 129 182 751
a 182 129 751
a 130 183 488
a 183 130 488
a 130 184 474
a 184 130 474
a 131 185 2550
a 185 131 2550
a 132 186 985
a 186 132 985
a 134 187 2722
a 187 134 2722
a 135 188 1490
a 188 135 1490
a 135 189 1086
a 189 135 1086
a 136 189 558
a 189 136 558
a 136 190 1457
a 190 136 1457
a 137 190 738
a 190 137 738
a 137 191 558
a 191 137 558
a 140 143 6066
a 143 140 6066
a 140 192 1483
a 192 140 1483
a 140 193 435
a 193 140 435
a 141 194 697
a 194 141 697
a 141 195 1168
a 195 141 1168
a 142 195 673
a 195 142 673
a 143 196 2008
a 196 143 2008
a 145 197 1890
a 197 145 1890
a 145 198 682
a 198 145 682
a 146 199 673
a 199 146 673
a 147 200 1952
a 200 147 1952
a 147 201 751
a 201 147 751
a 148 202 1502
a 202 148 1502
a 148 203 807
a 203 148 807
a 149 204 1520
a 204 149 1520
a 150 205 1283
a 205 150 1283
a 150 206 1338
a 206 150 1338
a 151 207 355
a 207 151 355
a 152 208 344
a 208 152 344
a 153 209 667
a 209 153 667
a 154 210 1016
a 210 154 1016
a 154 211 610
a 211 154 610
a 155 211 2258
a 211 155 2258
a 155 212 782
a 212 155 782
a 155 213 766
a 213 155 766
a 156 214 889
a 214 156 889
a 156 215 1939
a 215 156 1939
a 157 176 1615
a 176 157 1615
a 157 215 782
a 215 157 782
a 158 216 677
a 216 158 677
a 158 217 373
a 217 158 373
a 159 161 373
a 161 159 373
a 159 218 688
a 218 159 688
a 160 166 2617
a 166 160 2617
a 160 216 552
a 216 160 552
a 162 219 751
a 219 162 751
a 163 217 951
a 217 163 951
a 163 220 1338
a 220 163 1338
a 163 221 8448
a 221 163 8448
a 164 222 6976
a 222 164 6976
a 164 223 3359
a 223 164 3359
a 166 216 3157
a 216 166 3157
a 167 224 771
a 224 167 771
a 169 170 1014
a 170 169 1014
a 169 225 1275
a 225 169 1275
a 170 226 927
a 226 170 927
a 171 227 403
a 227 171 403
a 172 226 788
a 226 172 788
a 172 228 2791
a 228 172 2791
a 173 174 1293
a 174 173 1293
a 173 229 1812
a 229 173 1812
a 174 230 610
a 230 174 610
a 175 231 796
a 231 175 796
a 176 231 1435
a 231 176 1435
a 176 232 893
a 232 176 893
a 177 233 279
a 233 177 279
a 177 234 939
a 234 177 939
a 178 184 890
a 184 178 890
a 179 235 1565
a 235 179 1565
a 180 235 630
a 235 180 630
a 180 236 3227
a 236 180 3227
a 180 237 842
a 237 180 842
a 181 237 1686
a 237 181 1686
a 181 238 1398
a 238 181 1398
a 181 239 682
a 239 181 682
a 182 234 279
a 234 182 279
a 182 240 88
a 240 182 88
a 184 241 738
a 241 184 738
a 184 242 373
a 242 184 373
a 185 243 2322
a 243 185 2322
a 185 244 1034
a 244 185 1034
a 185 245 1632
a 245 185 1632
a 186 228 836
a 228 186 836
a 186 246 336
a 246 186 336
a 187 247 157
a 247 187 157
a 188 248 130
a 248 188 130
a 189 249 403
a 249 189 403
a 190 250 1255
a 250 190 1255
a 191 194 1009
a 194 191 1009
a 191 251 1029
a 251 191 1029
a 192 252 2030
a 252 192 2030
a 192 253 827
a 253 192 827
a 193 254 3095
a 254 193 3095
a 194 255 558
a 255 194 558
a 196 256 558
a 256 196 558
a 196 257 1022
a 257 196 1022
a 197 258 1016
a 258 197 1016
a 197 259 1320
a 259 197 1320
a 198 260 892
a 260 198 892
a 198 261 1412
a 261 198 1412
a 199 262 1074
a 262 199 1074
a 200 263 2873
a 263 200 2873
a 200 264 2622
a 264 200 2622
a 201 202 1533
a 202 201 1533
a 201 265 1116
a 265 201 1116
a 202 265 2483
a 265 202 2483
a 203 266 1746
a 266 203 1746
a 203 267 720
a 267 203 720
a 204 205 1115
a 205 204 1115
a 204 266 1446
a 266 204 1446
a 205 268 605
a 268 205 605
a 206 269 2979
a 269 206 2979
a 206 270 849
a 270 206 849
a 207 271 849
a 271 207 849
a 208 272 222
a 272 208 222
a 209 273 238
a 273 209 238
a 210 274 1448
a 274 210 1448
a 210 275 1114
a 275 210 1114
a 211 276 610
a 276 211 610
a 212 277 2127
a 277 212 2127
a 212 278 818
a 278 212 818
a 213 279 842
a 279 213 842
a 213 280 1558
a 280 213 1558
a 214 279 758
a 279 214 758
a 214 281 893
a 281 214 893
a 214 282 1936
a 282 214 1936
a 215 232 1603
a 232 215 1603
a 215 282 778
a 282 215 778
a 217 218 1387
a 218 217 1387
a 218 220 818
a 220 218 818
a 220 283 2611
a 283 220 2611
a 221 284 4843
a 284 221 4843
a 221 285 3813
a 285 221 3813
a 222 286 796
a 286 222 796
a 222 287 3691
a 287 222 3691
a 222 288 4962
a 288 222 4962
a 223 247 2751
a 247 223 2751
a 223 289 1115
a 289 223 1115
a 224 290 255
a 290 224 255
a 224 291 473
a 291 224 473
a 225 226 2643
a 226 225 2643
a 225 292 605
a 292 225 605
a 228 292 1258
a 292 228 1258
a 229 233 2002
a 233 229 2002
a 229 293 355
a 293 229 355
a 230 294 1168
a 294 230 1168
a 230 295 751
a 295 230 751
a 231 296 905
a 296 231 905
a 232 296 1519
a 296 232 1519
a 232 297 672
a 297 232 672
a 233 295 474
a 295 233 474
a 234 238 612
a 238 234 612
a 235 298 3240
a 298 235 3240
a 235 299 843
a 299 235 843
a 236 298 789
a 298 236 789
a 236 300 673
a 300 236 673
a 236 301 1248
a 301 236 1248
a 237 300 3240
a 300 237 3240
a 237 302 766
a 302 237 766
a 238 295 952
a 295 238 952
a 238 303 1902
a 303 238 1902
a 239 302 1675
a 302 239 1675
a 241 304 873
a 304 241 873
a 241 305 418
a 305 241 418
a 241 306 1086
a 306 241 1086
a 243 307 2008
a 307 243 2008
a 243 308 2142
a 308 243 2142
a 244 309 1140
a 309 244 1140
a 244 310 766
a 310 244 766
a 244 311 1675
a 311 244 1675
a 245 312 1616
a 312 245 1616
a 247 248 1555
a 248 247 1555
a 248 313 474
a 313 248 474
a 249 250 2916
a 250 249 2916
a 249 314 1015
a 314 249 1015
a 250 315 709
a 315 250 709
a 251 315 475
a 315 251 475
a 251 316 2183
a 316 251 2183
a 252 317 870
a 317 252 870
a 252 318 1545
a 318 252 1545
a 253 319 7275
a 319 253 7275
a 254 316 1224
a 316 254 1224
a 254 320 738
a 320 254 738
a 256 321 1831
a 321 256 1831
a 256 322 605
a 322 256 605
a 257 323 1763
a 323 257 1763
a 257 324 1496
a 324 257 1496
a 258 260 1014
a 260 258 1014
a 258 269 1116
a 269 258 1116
a 259 307 4681
a 307 259 4681
a 260 270 2818
a 270 260 2818
a 261 270 1178
a 270 261 1178
a 261 325 599
a 325 261 599
a 262 326 605
a 326 262 605
a 263 264 673
a 264 263 673
a 263 327 474
a 327 263 474
a 264 328 1209
a 328 264 1209
a 265 328 905
a 328 265 905
a 266 329 1611
a 329 266 1611
a 268 330 1716
a 330 268 1716
a 268 331 1779
a 331 268 1779
a 269 331 836
a 331 269 836
a 271 332 1199
a 332 271 1199
a 272 333 139
a 333 272 139
a 273 334 238
a 334 273 238
a 273 335 952
a 335 273 952
a 274 333 581
a 333 274 581
a 274 336 222
a 336 274 222
a 275 276 1435
a 276 275 1435
a 275 337 924
a 337 275 924
a 276 277 333
a 277 276 333
a 277 278 2275
a 278 277 2275
a 277 338 475
a 338 277 475
a 278 280 517
a 280 278 517
a 278 339 796
a 339 278 796
a 279 340 1558
a 340 279 1558
a 280 340 842
a 340 280 842
a 281 341 667
a 341 281 667
a 281 342 1939
a 342 281 1939
a 282 297 1698
a 297 282 1698
a 282 342 782
a 342 282 782
a 283 343 1248
a 343 283 1248
a 283 344 1034
a 344 283 1034
a 283 345 1055
a 345 283 1055
a 284 346 621
a 346 284 621
a 284 347 784
a 347 284 784
a 286 348 5784
a 348 286 5784
a 286 349 1248
a 349 286 1248
a 286 350 4315
a 350 286 4315
a 287 351 782
a 351 287 782
a 287 352 2034
a 352 287 2034
a 288 319 4608
a 319 288 4608
a 289 353 939
a 353 289 939
a 289 354 939
a 354 289 939
a 292 355 1142
a 355 292 1142
a 294 296 1168
a 296 294 1168
a 294 356 848
a 356 294 848
a 296 357 948
a 357 296 948
a 296 358 1664
a 358 296 1664
a 297 359 475
a 359 297 475
a 297 360 600
a 360 297 600
a 298 361 926
a 361 298 926
a 299 361 3250
a 361 299 3250
a 299 362 682
a 362 299 682
a 299 363 1004
a 363 299 1004
a 300 364 600
a 364 300 600
a 300 365 1467
a 365 300 1467
a 301 365 709
a 365 301 709
a 301 366 3112
a 366 301 3112
a 302 367 682
a 367 302 682
a 302 368 1675
a 368 302 1675
a 303 356 709
a 356 303 709
a 303 367 1701
a 367 303 1701
a 304 369 697
a 369 304 697
a 304 370 373
a 370 304 373
a 304 371 1209
a 371 304 1209
a 307 327 3239
a 327 307 3239
a 307 372 2832
a 372 307 2832
a 309 373 279
a 373 309 279
a 309 374 1836
a 374 309 1836
a 310 374 766
a 374 310 766
a 310 375 1675
a 375 310 1675
a 311 375 766
a 375 311 766
a 311 376 1000
a 376 311 1000
a 311 377 766
a 377 311 766
a 312 378 3206
a 378 312 3206
a 313 379 537
a 379 313 537
a 313 380 418
a 380 313 418
a 314 379 131
a 379 314 131
a 315 381 672
a 381 315 672
a 316 382 354
a 382 316 354
a 317 383 1063
a 383 317 1063
a 317 384 581
a 384 317 581
a 318 385 751
a 385 318 751
a 320 381 1248
a 381 320 1248
a 320 386 751
a 386 320 751
a 321 387 796
a 387 321 796
a 321 388 3801
a 388 321 3801
a 322 389 4382
a 389 322 4382
a 322 390 1027
a 390 322 1027
a 323 391 851
a 391 323 851
a 326 392 738
a 392 326 738
a 327 393 2504
a 393 327 2504
a 328 329 810
a 329 328 810
a 328 393 697
a 393 328 697
a 329 394 697
a 394 329 697
a 330 394 836
a 394 330 836
a 331 395 788
a 395 331 788
a 332 396 1124
a 396 332 1124
a 332 397 1259
a 397 332 1259
a 332 398 688
a 398 332 688
a 333 398 2547
a 398 333 2547
a 334 399 581
a 399 334 581
a 335 400 1853
a 400 335 1853
a 335 401 650
a 401 335 650
a 336 402 2200
a 402 336 2200
a 336 403 848
a 403 336 848
a 337 338 1365
a 338 337 1365
a 337 404 667
a 404 337 667
a 338 405 475
a 405 338 475
a 339 406 1949
a 406 339 1949
a 339 407 505
a 407 339 505
a 339 408 939
a 408 339 939
a 340 341 758
a 341 340 758
a 341 406 667
a 406 341 667
a 341 409 1852
a 409 341 1852
a 342 409 782
a 409 342 782
a 342 410 1365
a 410 342 1365
a 343 411 4558
a 411 343 4558
a 343 412 2446
a 412 343 2446
a 344 413 1773
a 413 344 1773
a 344 414 1004
a 414 344 1004
a 345 399 1483
a 399 345 1483
a 345 415 984
a 415 345 984
a 346 416 2754
a 416 346 2754
a 347 417 781
a 417 347 781
a 347 418 1532
a 418 347 1532
a 348 419 5817
a 419 348 5817
a 348 420 537
a 420 348 537
a 348 421 558
a 421 348 558
a 349 422 1207
a 422 349 1207
a 349 423 3634
a 423 349 3634
a 350 424 4128
a 424 350 4128
a 351 417 2344
a 417 351 2344
a 351 421 1661
a 421 351 1661
a 353 425 474
a 425 353 474
a 353 426 1161
a 426 353 1161
a 354 427 678
a 427 354 678
a 354 428 511
a 428 354 511
a 355 429 796
a 429 355 796
a 355 430 1281
a 430 355 1281
a 356 431 1576
a 431 356 1576
a 357 360 279
a 360 357 279
a 357 432 984
a 432 357 984
a 358 431 766
a 431 358 766
a 358 432 842
a 432 358 842
a 358 433 1565
a 433 358 1565
a 359 360 537
a 360 359 537
a 359 410 537
a 410 359 537
a 359 434 610
a 434 359 610
a 361 435 683
a 435 361 683
a 362 435 3250
a 435 362 3250
a 362 436 1565
a 436 362 1565
a 362 437 849
a 437 362 849
a 364 368 1592
a 368 364 1592
a 364 438 849
a 438 364 849
a 364 439 1669
a 439 364 1669
a 365 439 828
a 439 365 828
a 366 440 445
a 440 366 445
a 366 441 672
a 441 366 672
a 366 442 871
a 442 366 871
a 367 431 766
a 431 367 766
a 367 443 1558
a 443 367 1558
a 368 443 758
a 443 368 758
a 369 444 738
a 444 369 738
a 369 445 558
a 445 369 558
a 369 446 890
a 446 369 890
a 372 447 3495
a 447 372 3495
a 372 448 2336
a 448 372 2336
a 373 449 873
a 449 373 873
a 373 450 751
a 450 373 751
a 374 451 849
a 451 374 849
a 374 452 1285
a 452 374 1285
a 374 453 1675
a 453 374 1675
a 375 453 766
a 453 375 766
a 375 454 1222
a 454 375 1222
a 376 454 828
a 454 376 828
a 376 455 871
a 455 376 871
a 377 455 893
a 455 377 893
a 377 456 682
a 456 377 682
a 377 457 1114
a 457 377 1114
a 378 458 650
a 458 378 650
a 379 386 3933
a 386 379 3933
a 381 386 1283
a 386 381 1283
a 383 387 2903
a 387 383 2903
a 383 459 1282
a 459 383 1282
a 384 387 2530
a 387 384 2530
a 384 460 807
a 460 384 807
a 385 461 3771
a 461 385 3771
a 385 462 2160
a 462 385 2160
a 385 463 836
a 463 385 836
a 387 464 682
a 464 387 682
a 388 465 337
a 465 388 337
a 388 466 1000
a 466 388 1000
a 389 391 926
a 391 389 926
a 389 467 984
a 467 389 984
a 390 468 1351
a 468 390 1351
a 390 469 3669
a 469 390 3669
a 391 470 630
a 470 391 630
a 392 471 796
a 471 392 796
a 392 472 952
a 472 392 952
a 392 473 713
a 473 392 713
a 393 395 890
a 395 393 890
a 394 474 673
a 474 394 673
a 395 474 751
a 474 395 751
a 396 400 435
a 400 396 435
a 396 475 337
a 475 396 337
a 397 476 1290
a 476 397 1290
a 398 402 688
a 402 398 688
a 398 477 1282
a 477 398 1282
a 399 478 849
a 478 399 849
a 400 479 782
a 479 400 782
a 401 478 373
a 478 401 373
a 401 480 757
a 480 401 757
a 402 481 1199
a 481 402 1199
a 402 482 905
a 482 402 905
a 403 482 1716
a 482 403 1716
a 403 483 796
a 483 403 796
a 404 484 355
a 484 404 355
a 404 485 1603
a 485 404 1603
a 405 407 1599
a 407 405 1599
a 405 485 344
a 485 405 344
a 406 486 672
a 486 406 672
a 406 487 1603
a 487 406 1603
a 407 488 782
a 488 407 782
a 408 486 1267
a 486 408 1267
a 408 489 1678
a 489 408 1678
a 409 490 589
a 490 409 589
a 409 491 373
a 491 409 373
a 410 492 418
a 492 410 418
a 411 493 9491
a 493 411 9491
a 411 494 5837
a 494 411 5837
a 412 494 825
a 494 412 825
a 412 495 970
a 495 412 970
a 413 496 870
a 496 413 870
a 413 497 848
a 497 413 848
a 414 415 355
a 415 414 355
a 414 498 709
a 498 414 709
a 415 499 562
a 499 415 562
a 416 493 1501
a 493 416 1501
a 416 500 445
a 500 416 445
a 417 421 1478
a 421 417 1478
a 419 501 14055
a 501 419 14055
a 419 502 556
a 502 419 556
a 419 503 667
a 503 419 667
a 420 502 6292
a 502 420 6292
a 420 504 2519
a 504 420 2519
a 421 503 5414
a 503 421 5414
a 422 505 740
a 505 422 740
a 423 506 1659
a 506 423 1659
a 424 507 915
a 507 424 915
a 426 429 3228
a 429 426 3228
a 426 508 738
a 508 426 738
a 427 429 818
a 429 427 818
a 427 509 537
a 509 427 537
a 431 510 1565
a 510 431 1565
a 432 434 789
a 434 432 789
a 432 511 1686
a 511 432 1686
a 433 510 766
a 510 433 766
a 433 511 766
a 511 433 766
a 433 512 1669
a 512 433 1669
a 434 492 933
a 492 434 933
a 434 513 1467
a 513 434 1467
a 435 441 766
a 441 435 766
a 436 514 849
a 514 436 849
a 437 441 3240
a 441 437 3240
a 437 514 1565
a 514 437 1565
a 437 515 849
a 515 437 849
a 438 443 1686
a 443 438 1686
a 438 516 766
a 516 438 766
a 438 517 1810
a 517 438 1810
a 439 517 630
a 517 439 630
a 440 518 2126
a 518 440 2126
a 441 519 766
a 519 441 766
a 442 519 581
a 519 442 581
a 442 520 595
a 520 442 595
a 443 510 682
a 510 443 682
a 444 521 751
a 521 444 751
a 444 522 373
a 522 444 373
a 444 523 810
a 523 444 810
a 446 524 1675
a 524 446 1675
a 447 525 3043
a 525 447 3043
a 448 526 3164
a 526 448 3164
a 448 527 862
a 527 448 862
a 449 521 810
a 521 449 810
a 449 528 403
a 528 449 403
a 449 529 810
a 529 449 810
a 451 530 673
a 530 451 673
a 451 531 1565
a 531 451 1565
a 451 532 1675
a 532 451 1675
a 453 532 849
a 532 453 849
a 453 533 1344
a 533 453 1344
a 454 533 630
a 533 454 630
a 454 534 475
a 534 454 475
a 458 535 924
a 535 458 924
a 459 464 2900
a 464 459 2900
a 459 536 1080
a 536 459 1080
a 461 537 9858
a 537 461 9858
a 462 538 1006
a 538 462 1006
a 463 539 1181
a 539 463 1181
a 463 540 1458
a 540 463 1458
a 463 541 8418
a 541 463 8418
a 464 542 1010
a 542 464 1010
a 465 543 796
a 543 465 796
a 465 544 932
a 544 465 932
a 466 468 276
a 468 466 276
a 466 545 435
a 545 466 435
a 467 469 818
a 469 467 818
a 467 546 3733
a 546 467 3733
a 468 547 3223
a 547 468 3223
a 469 547 1027
a 547 469 1027
a 471 548 511
a 548 471 511
a 472 549 827
a 549 472 827
a 473 550 1357
a 550 473 1357
a 473 551 677
a 551 473 677
a 474 552 344
a 552 474 344
a 475 553 418
a 553 475 418
a 476 554 2430
a 554 476 2430
a 477 481 713
a 481 477 713
a 477 555 344
a 555 477 344
a 477 556 1306
a 556 477 1306
a 478 499 747
a 499 478 747
a 479 480 828
a 480 479 828
a 479 557 276
a 557 479 276
a 480 558 713
a 558 480 713
a 481 559 1579
a 559 481 1579
a 481 560 893
a 560 481 893
a 482 560 1282
a 560 482 1282
a 482 561 581
a 561 482 581
a 483 561 1351
a 561 483 1351
a 483 562 893
a 562 483 893
a 484 563 1986
a 563 484 1986
a 484 564 688
a 564 484 688
a 485 565 713
a 565 485 713
a 486 566 871
a 566 486 871
a 487 491 612
a 491 487 612
a 487 566 1029
a 566 487 1029
a 487 567 403
a 567 487 403
a 488 565 1365
a 565 488 1365
a 488 568 688
a 568 488 688
a 489 566 1168
a 566 489 1168
a 489 569 1168
a 569 489 1168
a 489 570 673
a 570 489 673
a 490 491 537
a 491 490 537
a 490 492 890
a 492 490 890
a 490 571 1032
a 571 490 1032
a 492 572 1592
a 572 492 1592
a 493 573 1447
a 573 493 1447
a 494 574 1338
a 574 494 1338
a 496 575 2638
a 575 496 2638
a 496 576 581
a 576 496 581
a 497 498 766
a 498 497 766
a 497 577 279
a 577 497 279
a 498 558 818
a 558 498 818
a 499 558 905
a 558 499 905
a 500 578 556
a 578 500 556
a 500 579 612
a 579 500 612
a 501 580 672
a 580 501 672
a 501 581 2812
a 581 501 2812
a 501 582 484
a 582 501 484
a 502 583 3029
a 583 502 3029
a 502 584 457
a 584 502 457
a 503 578 445
a 578 503 445
a 503 585 12640
a 585 503 12640
a 504 505 868
a 505 504 868
a 505 586 4225
a 586 505 4225
a 506 587 2296
a 587 506 2296
a 507 538 8633
a 538 507 8633
a 510 516 1675
a 516 510 1675
a 511 513 758
a 513 511 758
a 511 588 1675
a 588 511 1675
a 512 516 849
a 516 512 849
a 512 588 682
a 588 512 682
a 512 589 2028
a 589 512 2028
a 513 572 871
a 572 513 871
a 513 590 1669
a 590 513 1669
a 514 591 766
a 591 514 766
a 514 592 581
a 592 514 581
a 515 519 3233
a 519 515 3233
a 515 591 1576
a 591 515 1576
a 515 593 517
a 593 515 517
a 516 594 1906
a 594 516 1906
a 517 594 871
a 594 517 871
a 518 595 3482
a 595 518 3482
a 518 596 850
a 596 518 850
a 518 597 933
a 597 518 933
a 519 598 682
a 598 519 682
a 520 598 496
a 598 520 496
a 520 599 740
a 599 520 740
a 521 600 418
a 600 521 418
a 521 601 948
a 601 521 948
a 524 530 1454
a 530 524 1454
a 524 531 682
a 531 524 682
a 524 602 766
a 602 524 766
a 525 603 2752
a 603 525 2752
a 525 604 2928
a 604 525 2928
a 525 605 1502
a 605 525 1502
a 526 606 893
a 606 526 893
a 526 607 952
a 607 526 952
a 530 608 766
a 608 530 766
a 530 609 3240
a 609 530 3240
a 531 610 511
a 610 531 511
a 531 611 435
a 611 531 435
a 532 612 1447
a 612 532 1447
a 533 612 952
a 612 533 952
a 533 613 562
a 613 533 562
a 535 614 951
a 614 535 951
a 536 615 922
a 615 536 922
a 536 616 281
a 616 536 281
a 537 617 1716
a 617 537 1716
a 539 618 2410
a 618 539 2410
a 540 619 5097
a 619 540 5097
a 540 620 1095
a 620 540 1095
a 541 621 1948
a 621 541 1948
a 541 622 2418
a 622 541 2418
a 542 543 2450
a 543 542 2450
a 542 623 1004
a 623 542 1004
a 543 624 1000
a 624 543 1000
a 544 625 2894
a 625 544 2894
a 544 626 841
a 626 544 841
a 545 627 3034
a 627 545 3034
a 545 628 926
a 628 545 926
a 546 629 1009
a 629 546 1009
a 546 630 927
a 630 546 927
a 547 627 878
a 627 547 878
a 548 631 1144
a 631 548 1144
a 548 632 713
a 632 548 713
a 549 633 1732
a 633 549 1732
a 550 634 1031
a 634 550 1031
a 550 635 605
a 635 550 605
a 551 635 1323
a 635 551 1323
a 551 636 878
a 636 551 878
a 553 637 202
a 637 553 202
a 553 638 344
a 638 553 344
a 554 639 4539
a 639 554 4539
a 554 640 475
a 640 554 475
a 554 641 336
a 641 554 336
a 556 559 778
a 559 556 778
a 556 642 1034
a 642 556 1034
a 556 643 452
a 643 556 452
a 557 638 828
a 638 557 828
a 557 644 688
a 644 557 688
a 558 644 952
a 644 558 952
a 559 645 713
a 645 559 713
a 559 646 337
a 646 559 337
a 560 645 1365
a 645 560 1365
a 560 647 610
a 647 560 610
a 561 647 1199
a 647 561 1199
a 561 648 893
a 648 561 893
a 562 563 344
a 563 562 344
a 562 649 769
a 649 562 769
a 563 650 667
a 650 563 667
a 564 565 2032
a 565 564 2032
a 564 651 2244
a 651 564 2244
a 564 652 778
a 652 564 778
a 565 653 713
a 653 565 713
a 566 654 1188
a 654 566 1188
a 567 571 758
a 571 567 758
a 567 655 1675
a 655 567 1675
a 568 653 1282
a 653 568 1282
a 568 656 672
a 656 568 672
a 569 657 1255
a 657 569 1255
a 569 658 673
a 658 569 673
a 570 654 709
a 654 570 709
a 570 659 1402
a 659 570 1402
a 571 572 682
a 572 571 682
a 571 660 1565
a 660 571 1565
a 572 661 1576
a 661 572 1576
a 573 579 751
a 579 573 751
a 573 662 3581
a 662 573 3581
a 575 663 1457
a 663 575 1457
a 575 664 2967
a 664 575 2967
a 576 665 435
a 665 576 435
a 576 666 373
a 666 576 373
a 577 644 713
a 644 577 713
a 577 666 682
a 666 577 682
a 578 579 435
a 579 578 435
a 580 667 2914
a 667 580 2914
a 580 668 753
a 668 580 753
a 580 669 1071
a 669 580 1071
a 581 667 581
a 667 581 581
a 581 670 6477
a 670 581 6477
a 581 671 610
a 671 581 610
a 582 672 2137
a 672 582 2137
a 582 673 2004
a 673 582 2004
a 583 674 1430
a 674 583 1430
a 583 675 1838
a 675 583 1838
a 584 676 215
a 676 584 215
a 584 677 1101
a 677 584 1101
a 585 669 425
a 669 585 425
a 586 678 8618
a 678 586 8618
a 587 679 3353
a 679 587 3353
a 587 680 425
a 680 587 425
a 588 590 842
a 590 588 842
a 588 681 2126
a 681 588 2126
a 589 594 790
a 594 589 790
a 589 681 790
a 681 589 790
a 590 661 682
a 661 590 682
a 590 682 2358
a 682 590 2358
a 591 683 505
a 683 591 505
a 593 598 3250
a 598 593 3250
a 593 608 849
a 608 593 849
a 593 683 1467
a 683 593 1467
a 595 684 403
a 684 595 403
a 595 685 790
a 685 595 790
a 595 686 871
a 686 595 871
a 596 686 3152
a 686 596 3152
a 596 687 673
a 687 596 673
a 596 688 1897
a 688 596 1897
a 597 685 3351
a 685 597 3351
a 597 689 517
a 689 597 517
a 597 690 1248
a 690 597 1248
a 598 691 766
a 691 598 766
a 599 691 420
a 691 599 420
a 602 608 1454
a 608 602 1454
a 602 683 932
a 683 602 932
a 603 692 1692
a 692 603 1692
a 603 693 677
a 693 603 677
a 604 694 1004
a 694 604 1004
a 605 695 1778
a 695 605 1778
a 605 696 2299
a 696 605 2299
a 606 697 672
a 697 606 672
a 606 698 1100
a 698 606 1100
a 607 698 782
a 698 607 782
a 607 699 1199
a 699 607 1199
a 608 691 3240
a 691 608 3240
a 609 612 600
a 612 609 600
a 609 691 766
a 691 609 766
a 610 700 161
a 700 610 161
a 613 701 1336
a 701 613 1336
a 614 694 871
a 694 614 871
a 614 702 924
a 702 614 924
a 614 703 683
a 703 614 683
a 615 623 1114
a 623 615 1114
a 615 704 2618
a 704 615 2618
a 616 705 4126
a 705 616 4126
a 617 706 952
a 706 617 952
a 619 707 604
a 707 619 604
a 619 708 652
a 708 619 652
a 621 709 2749
a 709 621 2749
a 621 710 1161
a 710 621 1161
a 622 711 1534
a 711 622 1534
a 622 712 1559
a 712 622 1559
a 623 624 2534
a 624 623 2534
a 624 704 1111
a 704 624 1111
a 625 704 932
a 704 625 932
a 625 713 849
a 713 625 849
a 626 713 3005
a 713 626 3005
a 626 714 932
a 714 626 932
a 627 715 939
a 715 627 939
a 628 715 2453
a 715 628 2453
a 628 716 765
a 716 628 765
a 629 717 836
a 717 629 836
a 629 718 2511
a 718 629 2511
a 630 715 677
a 715 630 677
a 630 716 2192
a 716 630 2192
a 631 719 435
a 719 631 435
a 631 720 1336
a 720 631 1336
a 632 706 344
a 706 632 344
a 633 721 2401
a 721 633 2401
a 634 722 475
a 722 634 475
a 634 723 765
a 723 634 765
a 635 723 1323
a 723 635 1323
a 635 724 932
a 724 635 932
a 636 724 1695
a 724 636 1695
a 636 725 807
a 725 636 807
a 637 665 2170
a 665 637 2170
a 637 726 1029
a 726 637 1029
a 638 666 1592
a 666 638 1592
a 639 727 3491
a 727 639 3491
a 639 728 655
a 728 639 655
a 639 729 603
a 729 639 603
a 640 642 1306
a 642 640 1306
a 640 730 1379
a 730 640 1379
a 641 731 2299
a 731 641 2299
a 641 732 1282
a 732 641 1282
a 642 733 713
a 733 642 713
a 645 734 782
a 734 645 782
a 645 735 253
a 735 645 253
a 647 734 1579
a 734 647 1579
a 647 736 782
a 736 647 782
a 648 649 414
a 649 648 414
a 648 736 1184
a 736 648 1184
a 648 737 889
a 737 648 889
a 650 651 333
a 651 650 333
a 650 738 842
a 738 650 842
a 651 739 445
a 739 651 445
a 652 653 2297
a 653 652 2297
a 652 740 1448
a 740 652 1448
a 652 741 796
a 741 652 796
a 653 742 688
a 742 653 688
a 654 655 758
a 655 654 758
a 655 660 766
a 660 655 766
a 655 743 1344
a 743 655 1344
a 656 742 1199
a 742 656 1199
a 656 744 782
a 744 656 782
a 657 745 1307
a 745 657 1307
a 657 746 558
a 746 657 558
a 659 743 286
a 743 659 286
a 659 747 1485
a 747 659 1485
a 660 661 766
a 661 660 766
a 660 748 2126
a 748 660 2126
a 661 749 2458
a 749 661 2458
a 663 750 878
a 750 663 878
a 663 751 1161
a 751 663 1161
a 664 752 276
a 752 664 276
a 664 753 952
a 753 664 952
a 665 754 476
a 754 665 476
a 667 755 3701
a 755 667 3701
a 667 756 928
a 756 667 928
a 668 757 2225
a 757 668 2225
a 668 758 2705
a 758 668 2705
a 670 759 2838
a 759 670 2838
a 670 760 761
a 760 670 761
a 670 761 466
a 761 670 466
a 671 672 476
a 672 671 476
a 671 762 403
a 762 671 403
a 672 763 984
a 763 672 984
a 673 674 7698
a 674 673 7698
a 674 764 1124
a 764 674 1124
a 676 765 2580
a 765 676 2580
a 676 766 3067
a 766 676 3067
a 678 767 1057
a 767 678 1057
a 678 768 1572
a 768 678 1572
a 679 769 4824
a 769 679 4824
a 679 770 1792
a 770 679 1792
a 680 771 551
a 771 680 551
a 681 682 790
a 682 681 790
a 682 749 790
a 749 682 790
a 684 772 673
a 772 684 673
a 684 773 600
a 773 684 600
a 685 774 709
a 774 685 709
a 686 775 709
a 775 686 709
a 687 776 683
a 776 687 683
a 687 777 1675
a 777 687 1675
a 687 778 2790
a 778 687 2790
a 689 774 3262
a 774 689 3262
a 689 779 2326
a 779 689 2326
a 689 780 766
a 780 689 766
a 692 781 409
a 781 692 409
a 692 782 1083
a 782 692 1083
a 693 694 2422
a 694 693 2422
a 693 783 452
a 783 693 452
a 695 784 1579
a 784 695 1579
a 695 785 713
a 785 695 713
a 697 786 782
a 786 697 782
a 697 787 1100
a 787 697 1100
a 698 787 672
a 787 698 672
a 698 788 1016
a 788 698 1016
a 699 788 672
a 788 699 672
a 699 789 505
a 789 699 505
a 701 790 766
a 790 701 766
a 701 791 3809
a 791 701 3809
a 701 792 859
a 792 701 859
a 702 793 688
a 793 702 688
a 703 794 683
a 794 703 683
a 705 713 667
a 713 705 667
a 705 795 849
a 795 705 849
a 706 796 418
a 796 706 418
a 706 797 765
a 797 706 765
a 707 798 4632
a 798 707 4632
a 707 799 1073
a 799 707 1073
a 708 800 742
a 800 708 742
a 709 801 2552
a 801 709 2552
a 709 802 1086
a 802 709 1086
a 710 802 1614
a 802 710 1614
a 710 803 1029
a 803 710 1029
a 711 800 976
a 800 711 976
a 711 804 1499
a 804 711 1499
a 712 804 810
a 804 712 810
a 712 805 1029
a 805 712 1029
a 714 806 932
a 806 714 932
a 714 807 782
a 807 714 782
a 716 718 932
a 718 716 932
a 717 808 3179
a 808 717 3179
a 717 809 1848
a 809 717 1848
a 718 809 932
a 809 718 932
a 719 810 3633
a 810 719 3633
a 720 811 2827
a 811 720 2827
a 720 812 1387
a 812 720 1387
a 721 813 5770
a 813 721 5770
a 722 814 924
a 814 722 924
a 722 815 870
a 815 722 870
a 723 816 709
a 816 723 709
a 723 817 1168
a 817 723 1168
a 724 816 1140
a 816 724 1140
a 724 818 751
a 818 724 751
a 725 818 1798
a 818 725 1798
a 725 819 984
a 819 725 984
a 726 753 789
a 753 726 789
a 726 754 2623
a 754 726 2623
a 727 820 1114
a 820 727 1114
a 727 821 8813
a 821 727 8813
a 727 822 562
a 822 727 562
a 728 823 1418
a 823 728 1418
a 728 824 713
a 824 728 713
a 729 825 1258
a 825 729 1258
a 729 826 828
a 826 729 828
a 729 827 895
a 827 729 895
a 730 828 1380
a 828 730 1380
a 730 829 788
a 829 730 788
a 731 750 1188
a 750 731 1188
a 731 830 1181
a 830 731 1181
a 732 830 2044
a 830 732 2044
a 732 831 1101
a 831 732 1101
a 733 829 2519
a 829 733 2519
a 733 832 796
a 832 733 796
a 734 833 600
a 833 734 600
a 736 834 1634
a 834 736 1634
a 736 835 782
a 835 736 782
a 737 738 421
a 738 737 421
a 737 835 1094
a 835 737 1094
a 737 836 778
a 836 737 778
a 738 837 778
a 837 738 778
a 739 740 709
a 740 739 709
a 739 836 1263
a 836 739 1263
a 739 838 782
a 838 739 782
a 740 839 672
a 839 740 672
a 741 742 2316
a 742 741 2316
a 741 839 1519
a 839 741 1519
a 741 840 782
a 840 741 782
a 742 841 796
a 841 742 796
a 743 748 1354
a 748 743 1354
a 743 842 1897
a 842 743 1897
a 744 746 1055
a 746 744 1055
a 744 841 1117
a 841 744 1117
a 745 843 1339
a 843 745 1339
a 745 844 976
a 844 745 976
a 746 845 1178
a 845 746 1178
a 746 846 612
a 846 746 612
a 748 847 403
a 847 748 403
a 749 847 421
a 847 749 421
a 750 848 4409
a 848 750 4409
a 753 754 2783
a 754 753 2783
a 755 761 2634
a 761 755 2634
a 755 849 487
a 849 755 487
a 758 850 802
a 850 758 802
a 758 851 1018
a 851 758 1018
a 759 852 1519
a 852 759 1519
a 760 853 6024
a 853 760 6024
a 760 854 5229
a 854 760 5229
a 760 855 1142
a 855 760 1142
a 761 856 4381
a 856 761 4381
a 761 857 416
a 857 761 416
a 762 858 4165
a 858 762 4165
a 763 859 3089
a 859 763 3089
a 764 860 814
a 860 764 814
a 764 861 1209
a 861 764 1209
a 765 862 3994
a 862 765 3994
a 767 863 914
a 863 767 914
a 768 864 996
a 864 768 996
a 769 865 4029
a 865 769 4029
a 771 866 435
a 866 771 435
a 771 867 1702
a 867 771 1702
a 772 868 1118
a 868 772 1118
a 772 869 890
a 869 772 890
a 773 775 976
a 775 773 976
a 773 870 336
a 870 773 336
a 774 871 751
a 871 774 751
a 775 778 276
a 778 775 276
a 775 872 1339
a 872 775 1339
a 776 873 933
a 873 776 933
a 776 874 1576
a 874 776 1576
a 776 875 2458
a 875 776 2458
a 778 875 709
a 875 778 709
a 780 871 3030
a 871 780 3030
a 780 876 2451
a 876 780 2451
a 780 877 842
a 877 780 842
a 782 878 1579
a 878 782 1579
a 782 879 2016
a 879 782 2016
a 783 880 403
a 880 783 403
a 783 881 600
a 881 783 600
a 784 882 1009
a 882 784 1009
a 784 883 796
a 883 784 796
a 786 884 893
a 884 786 893
a 786 885 1016
a 885 786 1016
a 787 885 796
a 885 787 796
a 787 886 1116
a 886 787 1116
a 788 886 778
a 886 788 778
a 789 887 870
a 887 789 870
a 789 888 1906
a 888 789 1906
a 790 889 766
a 889 790 766
a 790 890 1225
a 890 790 1225
a 790 891 1576
a 891 790 1576
a 791 794 3852
a 794 791 3852
a 791 892 1293
a 892 791 1293
a 792 893 816
a 893 792 816
a 792 894 1097
a 894 792 1097
a 793 895 373
a 895 793 373
a 794 896 1153
a 896 794 1153
a 795 810 3661
a 810 795 3661
a 795 897 893
a 897 795 893
a 796 898 688
a 898 796 688
a 797 899 1659
a 899 797 1659
a 798 900 738
a 900 798 738
a 798 901 713
a 901 798 713
a 799 902 808
a 902 799 808
a 799 903 319
a 903 799 319
a 800 904 3359
a 904 800 3359
a 801 898 344
a 898 801 344
a 801 905 2035
a 905 801 2035
a 801 906 682
a 906 801 682
a 802 803 1080
a 803 802 1080
a 803 907 1882
a 907 803 1882
a 804 904 2348
a 904 804 2348
a 805 907 1141
a 907 805 1141
a 805 908 1769
a 908 805 1769
a 806 809 889
a 809 806 889
a 806 909 1603
a 909 806 1603
a 807 910 1004
a 910 807 1004
a 807 911 2151
a 911 807 2151
a 808 811 2171
a 811 808 2171
a 808 912 1168
a 912 808 1168
a 810 913 1114
a 913 810 1114
a 811 914 1781
a 914 811 1781
a 812 913 2546
a 913 812 2546
a 812 915 3423
a 915 812 3423
a 813 916 3086
a 916 813 3086
a 814 917 1933
a 917 814 1933
a 814 918 789
a 918 814 789
a 814 919 845
a 919 814 845
a 815 918 951
a 918 815 951
a 815 920 629
a 920 815 629
a 816 921 789
a 921 816 789
a 816 922 984
a 922 816 984
a 817 923 125
a 923 817 125
a 818 921 1268
a 921 818 1268
a 818 924 905
a 924 818 905
a 819 924 1768
a 924 819 1768
a 819 925 628
a 925 819 628
a 820 823 1716
a 823 820 1716
a 820 926 599
a 926 820 599
a 821 927 793
a 927 821 793
a 822 826 2873
a 826 822 2873
a 822 928 5124
a 928 822 5124
a 822 929 1085
a 929 822 1085
a 822 930 905
a 930 822 905
a 823 931 1686
a 931 823 1686
a 824 932 1055
a 932 824 1055
a 824 933 1016
a 933 824 1016
a 825 934 788
a 934 825 788
a 825 935 1034
a 935 825 1034
a 826 935 1055
a 935 826 1055
a 827 828 798
a 828 827 798
a 828 936 610
a 936 828 610
a 829 937 848
a 937 829 848
a 830 938 1035
a 938 830 1035
a 831 933 1184
a 933 831 1184
a 831 938 1919
a 938 831 1919
a 832 833 747
a 833 832 747
a 832 937 2362
a 937 832 2362
a 833 939 2440
a 939 833 2440
a 835 940 222
a 940 835 222
a 836 941 1094
a 941 836 1094
a 836 942 672
a 942 836 672
a 838 942 1100
a 942 838 1100
a 838 943 344
a 943 838 344
a 839 944 672
a 944 839 672
a 840 841 2398
a 841 840 2398
a 840 944 1515
a 944 840 1515
a 840 945 782
a 945 840 782
a 841 845 818
a 845 841 818
a 843 846 650
a 846 843 650
a 843 946 709
a 946 843 709
a 843 947 1009
a 947 843 1009
a 844 947 1144
a 947 844 1144
a 845 948 1551
a 948 845 1551
a 845 949 951
a 949 845 951
a 846 949 612
a 949 846 612
a 847 950 474
a 950 847 474
a 848 951 893
a 951 848 893
a 848 952 1064
a 952 848 1064
a 848 953 782
a 953 848 782
a 849 857 2525
a 857 849 2525
a 849 954 361
a 954 849 361
a 850 955 2666
a 955 850 2666
a 850 956 5511
a 956 850 5511
a 851 957 606
a 957 851 606
a 851 958 559
a 958 851 559
a 852 959 1781
a 959 852 1781
a 853 960 589
a 960 853 589
a 854 961 2094
a 961 854 2094
a 854 962 3224
a 962 854 3224
a 855 858 1142
a 858 855 1142
a 855 963 3294
a 963 855 3294
a 856 964 2916
a 964 856 2916
a 857 965 367
a 965 857 367
a 858 966 3522
a 966 858 3522
a 859 967 321
a 967 859 321
a 862 968 2609
a 968 862 2609
a 863 864 1368
a 864 863 1368
a 863 969 469
a 969 863 469
a 864 865 4505
a 865 864 4505
a 865 970 903
a 970 865 903
a 866 971 1269
a 971 866 1269
a 867 972 297
a 972 867 297
a 867 973 1075
a 973 867 1075
a 868 974 1757
a 974 868 1757
a 868 975 1615
a 975 868 1615
a 869 976 2197
a 976 869 2197
a 869 977 948
a 977 869 948
a 870 977 1919
a 977 870 1919
a 870 978 871
a 978 870 871
a 871 979 630
a 979 871 630
a 872 980 1032
a 980 872 1032
a 872 981 893
a 981 872 893
a 872 982 683
a 982 872 683
a 873 983 600
a 983 873 600
a 873 984 1454
a 984 873 1454
a 873 985 2248
a 985 873 2248
a 875 981 435
a 981 875 435
a 877 889 1576
a 889 877 1576
a 877 891 766
a 891 877 766
a 877 986 2700
a 986 877 2700
a 878 987 452
a 987 878 452
a 878 988 630
a 988 878 630
a 879 989 683
a 989 879 683
a 879 990 373
a 990 879 373
a 880 991 1986
a 991 880 1986
a 880 992 667
a 992 880 667
a 881 993 1306
a 993 881 1306
a 881 994 3224
a 994 881 3224
a 882 995 870
a 995 882 870
a 882 996 2229
a 996 882 2229
a 883 997 517
a 997 883 517
a 883 998 1111
a 998 883 1111
a 884 999 672
a 999 884 672
a 884 1000 932
a 1000 884 932
a 885 1000 889
a 1000 885 889
a 885 1001 1199
a 1001 885 1199
a 886 1001 782
a 1001 886 782
a 887 1002 849
a 1002 887 849
a 887 1003 1897
a 1003 887 1897
a 888 1004 710
a 1004 888 710
a 889 1005 675
a 1005 889 675
a 891 893 673
a 893 891 673
a 891 1006 2688
a 1006 891 2688
a 893 1007 2481
a 1007 893 2481
a 893 1008 2048
a 1008 893 2048
a 895 1009 4147
a 1009 895 4147
a 896 1010 3047
a 1010 896 3047
a 896 1011 3581
a 1011 896 3581
a 897 910 1000
a 910 897 1000
a 897 1012 1965
a 1012 897 1965
a 899 1013 6024
a 1013 899 6024
a 900 1014 1281
a 1014 900 1281
a 901 904 873
a 904 901 873
a 901 908 1206
a 908 901 1206
a 903 1015 294
a 1015 903 294
a 903 1016 309
a 1016 903 309
a 905 1017 1464
a 1017 905 1464
a 905 1018 1338
a 1018 905 1338
a 906 1019 1398
a 1019 906 1398
a 906 1020 4677
a 1020 906 4677
a 907 1021 751
a 1021 907 751
a 908 1022 1421
a 1022 908 1421
a 909 911 1120
a 911 909 1120
a 909 912 537
a 912 909 537
a 910 1023 2032
a 1023 910 2032
a 911 1023 796
a 1023 911 796
a 912 914 673
a 914 912 673
a 913 1024 841
a 1024 913 841
a 914 915 1395
a 915 914 1395
a 915 1024 905
a 1024 915 905
a 916 1025 2082
a 1025 916 2082
a 917 1026 878
a 1026 917 878
a 917 1027 1695
a 1027 917 1695
a 918 1028 709
a 1028 918 709
a 918 1029 558
a 1029 918 558
a 919 1030 2382
a 1030 919 2382
a 919 1031 493
a 1031 919 493
a 920 1032 882
a 1032 920 882
a 920 1033 122
a 1033 920 122
a 921 1034 984
a 1034 921 984
a 921 1035 747
a 1035 921 747
a 924 1034 1293
a 1034 924 1293
a 924 1036 552
a 1036 924 552
a 925 1036 1818
a 1036 925 1818
a 925 1037 478
a 1037 925 478
a 926 1038 694
a 1038 926 694
a 926 1039 1299
a 1039 926 1299
a 927 1040 1100
a 1040 927 1100
a 928 1041 751
a 1041 928 751
a 928 1042 884
a 1042 928 884
a 929 1043 688
a 1043 929 688
a 929 1044 751
a 1044 929 751
a 930 1045 952
a 1045 930 952
a 930 1046 778
