c In this file, the DIMACS format is extended by allowing arcs of infinite weight.
c These are specified by "a U V inf", where U and V are vertex IDs.
p sp 268 676
a 1 2 653
a 2 1 653
a 1 3 844
a 3 1 844
a 2 4 526
a 4 2 526
a 2 5 804
a 5 2 804
a 2 6 558
a 6 2 558
a 3 7 612
a 7 3 612
a 3 8 1022
a 8 3 1022
a 3 9 2816
a 9 3 2816
a 4 5 1060
a 5 4 1060
a 4 10 1032
a 10 4 1032
a 5 11 1405
a 11 5 1405
a 5 12 1732
a 12 5 1732
a 6 8 709
a 8 6 709
a 7 13 373
a 13 7 373
a 8 14 985
a 14 8 985
a 8 15 139
a 15 8 139
a 9 16 1296
a 16 9 1296
a 9 17 398
a 17 9 398
a 10 18 505
a 18 10 505
a 11 19 531
a 19 11 531
a 12 20 5054
a 20 12 5054
a 13 21 2047
a 21 13 2047
a 13 22 1066
a 22 13 1066
a 14 16 641
a 16 14 641
a 15 18 884
a 18 15 884
a 17 23 805
a 23 17 805
a 18 24 976
a 24 18 976
a 18 25 1519
a 25 18 1519
a 19 20 5404
a 20 19 5404
a 20 26 3121
a 26 20 3121
a 21 22 1365
a 22 21 1365
a 21 27 1086
a 27 21 1086
a 22 27 810
a 27 22 810
a 22 28 677
a 28 22 677
a 23 29 700
a 29 23 700
a 24 25 1283
a 25 24 1283
a 24 30 552
a 30 24 552
a 24 31 1022
a 31 24 1022
a 25 32 1306
a 32 25 1306
a 25 33 279
a 33 25 279
a 26 34 4922
a 34 26 4922
a 26 35 893
a 35 26 893
a 26 36 1111
a 36 26 1111
a 27 37 279
a 37 27 279
a 28 38 1168
a 38 28 1168
a 28 39 836
a 39 28 836
a 29 40 853
a 40 29 853
a 30 41 1387
a 41 30 1387
a 30 42 1255
a 42 30 1255
a 31 43 2320
a 43 31 2320
a 32 44 8247
a 44 32 8247
a 33 45 1438
a 45 33 1438
a 33 46 610
a 46 33 610
a 34 47 2160
a 47 34 2160
a 34 48 1014
a 48 34 1014
a 34 49 672
a 49 34 672
a 35 50 893
a 50 35 893
a 35 51 630
a 51 35 630
a 36 52 333
a 52 36 333
a 36 53 1351
a 53 36 1351
a 37 38 738
a 38 37 738
a 37 54 810
a 54 37 810
a 38 55 807
a 55 38 807
a 38 56 650
a 56 38 650
a 39 55 890
a 55 39 890
a 39 57 673
a 57 39 673
a 39 58 522
a 58 39 522
a 40 59 561
a 59 40 561
a 41 42 1458
a 42 41 1458
a 41 60 1168
a 60 41 1168
a 42 61 610
a 61 42 610
a 43 62 1396
a 62 43 1396
a 43 63 476
a 63 43 476
a 44 64 1163
a 64 44 1163
a 44 65 203
a 65 44 203
a 44 66 898
a 66 44 898
a 46 67 373
a 67 46 373
a 46 68 1342
a 68 46 1342
a 47 69 476
a 69 47 476
a 48 70 905
a 70 48 905
a 48 71 1100
a 71 48 1100
a 49 72 672
a 72 49 672
a 49 73 1716
a 73 49 1716
a 50 74 2113
a 74 50 2113
a 50 75 926
a 75 50 926
a 51 76 1447
a 76 51 1447
a 51 77 849
a 77 51 849
a 52 78 452
a 78 52 452
a 52 79 1519
a 79 52 1519
a 53 80 1351
a 80 53 1351
a 53 81 796
a 81 53 796
a 54 56 952
a 56 54 952
a 54 82 673
a 82 54 673
a 55 83 738
a 83 55 738
a 55 84 3247
a 84 55 3247
a 56 85 788
a 85 56 788
a 57 83 836
a 83 57 836
a 57 86 418
a 86 57 418
a 59 87 938
a 87 59 938
a 60 88 989
a 88 60 989
a 60 89 297
a 89 60 297
a 61 90 1027
a 90 61 1027
a 61 91 713
a 91 61 713
a 62 92 2138
a 92 62 2138
a 62 93 2403
a 93 62 2403
a 62 94 1986
a 94 62 1986
a 63 95 418
a 95 63 418
a 63 96 890
a 96 63 890
a 64 97 652
a 97 64 652
a 64 98 1191
a 98 64 1191
a 65 99 527
a 99 65 527
a 66 100 10440
a 100 66 10440
a 67 101 650
a 101 67 650
a 67 102 475
a 102 67 475
a 68 103 1259
a 103 68 1259
a 69 104 1811
a 104 69 1811
a 70 105 562
a 105 70 562
a 70 106 2547
a 106 70 2547
a 71 107 1599
a 107 71 1599
a 71 108 1115
a 108 71 1115
a 72 109 848
a 109 72 848
a 72 110 1428
a 110 72 1428
a 72 111 1551
a 111 72 1551
a 73 111 672
a 111 73 672
a 73 112 796
a 112 73 796
a 74 113 1558
a 113 74 1558
a 74 114 1578
a 114 74 1578
a 74 115 355
a 115 74 355
a 75 114 1505
a 114 75 1505
a 75 116 2031
a 116 75 2031
a 76 115 1268
a 115 76 1268
a 76 117 1210
a 117 76 1210
a 77 118 1631
a 118 77 1631
a 77 119 1767
a 119 77 1767
a 78 81 1435
a 81 78 1435
a 78 120 672
a 120 78 672
a 80 121 789
a 121 80 789
a 80 122 713
a 122 80 713
a 81 122 1448
a 122 81 1448
a 81 123 782
a 123 81 782
a 82 85 1142
a 85 82 1142
a 82 124 751
a 124 82 751
a 83 125 738
a 125 83 738
a 83 126 3239
a 126 83 3239
a 84 127 782
a 127 84 782
a 84 128 252
a 128 84 252
a 85 129 837
a 129 85 837
a 86 130 1483
a 130 86 1483
a 87 131 1112
a 131 87 1112
a 88 132 1034
a 132 88 1034
a 89 132 2239
a 132 89 2239
a 89 133 867
a 133 89 867
a 90 133 1140
a 133 90 1140
a 90 134 1888
a 134 90 1888
a 90 135 1342
a 135 90 1342
a 91 136 1476
a 136 91 1476
a 91 137 1255
a 137 91 1255
a 92 93 270
a 93 92 270
a 92 138 75
a 138 92 75
a 92 139 1519
a 139 92 1519
a 93 140 2992
a 140 93 2992
a 96 141 751
a 141 96 751
a 96 142 1363
a 142 96 1363
a 97 143 2005
a 143 97 2005
a 97 144 671
a 144 97 671
a 99 145 1291
a 145 99 1291
a 100 146 4309
a 146 100 4309
a 102 147 3206
a 147 102 3206
a 102 148 605
a 148 102 605
a 103 149 474
a 149 103 474
a 103 150 1379
a 150 103 1379
a 104 151 630
a 151 104 630
a 104 152 344
a 152 104 344
a 104 153 452
a 153 104 452
a 105 154 2482
a 154 105 2482
a 105 155 782
a 155 105 782
a 105 156 2451
a 156 105 2451
a 106 107 667
a 107 106 667
a 106 156 667
a 156 106 667
a 106 157 1852
a 157 106 1852
a 107 120 1865
a 120 107 1865
a 109 158 344
a 158 109 344
a 109 159 1469
a 159 109 1469
a 110 116 890
a 116 110 890
a 110 160 1161
a 160 110 1161
a 111 161 452
a 161 111 452
a 112 162 517
a 162 112 517
a 113 163 6726
a 163 113 6726
a 113 164 605
a 164 113 605
a 114 165 476
a 165 114 476
a 114 166 697
a 166 114 697
a 115 167 948
a 167 115 948
a 116 168 276
a 168 116 276
a 117 167 1396
a 167 117 1396
a 117 169 2017
a 169 117 2017
a 118 170 1210
a 170 118 1210
a 118 171 697
a 171 118 697
a 119 171 1066
a 171 119 1066
a 119 172 1141
a 172 119 1141
a 120 123 1431
a 123 120 1431
a 120 157 889
a 157 120 889
a 121 173 789
a 173 121 789
a 121 174 1546
a 174 121 1546
a 122 175 782
a 175 122 782
a 123 175 1448
a 175 123 1448
a 123 176 688
a 176 123 688
a 124 129 1209
a 129 124 1209
a 124 177 751
a 177 124 751
a 125 178 1698
a 178 125 1698
a 125 179 3421
a 179 125 3421
a 126 179 233
a 179 126 233
a 127 179 673
a 179 127 673
a 127 180 1796
a 180 127 1796
a 127 181 849
a 181 127 849
a 129 182 751
a 182 129 751
a 130 183 488
a 183 130 488
a 130 184 474
a 184 130 474
a 131 185 2550
a 185 131 2550
a 132 186 985
a 186 132 985
a 134 187 2722
a 187 134 2722
a 135 188 1490
a 188 135 1490
a 135 189 1086
a 189 135 1086
a 136 189 558
a 189 136 558
a 136 190 1457
a 190 136 1457
a 137 190 738
a 190 137 738
a 137 191 558
a 191 137 558
a 140 143 6066
a 143 140 6066
a 140 192 1483
a 192 140 1483
a 140 193 435
a 193 140 435
a 141 194 697
a 194 141 697
a 141 195 1168
a 195 141 1168
a 142 195 673
a 195 142 673
a 143 196 2008
a 196 143 2008
a 145 197 1890
a 197 145 1890
a 145 198 682
a 198 145 682
a 146 199 673
a 199 146 673
a 147 200 1952
a 200 147 1952
a 147 201 751
a 201 147 751
a 148 202 1502
a 202 148 1502
a 148 203 807
a 203 148 807
a 149 204 1520
a 204 149 1520
a 150 205 1283
a 205 150 1283
a 150 206 1338
a 206 150 1338
a 151 207 355
a 207 151 355
a 152 208 344
a 208 152 344
a 153 209 667
a 209 153 667
a 154 210 1016
a 210 154 1016
a 154 211 610
a 211 154 610
a 155 211 2258
a 211 155 2258
a 155 212 782
a 212 155 782
a 155 213 766
a 213 155 766
a 156 214 889
a 214 156 889
a 156 215 1939
a 215 156 1939
a 157 176 1615
a 176 157 1615
a 157 215 782
a 215 157 782
a 158 216 677
a 216 158 677
a 158 217 373
a 217 158 373
a 159 161 373
a 161 159 373
a 159 218 688
a 218 159 688
a 160 166 2617
a 166 160 2617
a 160 216 552
a 216 160 552
a 162 219 751
a 219 162 751
a 163 217 951
a 217 163 951
a 163 220 1338
a 220 163 1338
a 163 221 8448
a 221 163 8448
a 164 222 6976
a 222 164 6976
a 164 223 3359
a 223 164 3359
a 166 216 3157
a 216 166 3157
a 167 224 771
a 224 167 771
a 169 170 1014
a 170 169 1014
a 169 225 1275
a 225 169 1275
a 170 226 927
a 226 170 927
a 171 227 403
a 227 171 403
a 172 226 788
a 226 172 788
a 172 228 2791
a 228 172 2791
a 173 174 1293
a 174 173 1293
a 173 229 1812
a 229 173 1812
a 174 230 610
a 230 174 610
a 175 231 796
a 231 175 796
a 176 231 1435
a 231 176 1435
a 176 232 893
a 232 176 893
a 177 233 279
a 233 177 279
a 177 234 939
a 234 177 939
a 178 184 890
a 184 178 890
a 179 235 1565
a 235 179 1565
a 180 235 630
a 235 180 630
a 180 236 3227
a 236 180 3227
a 180 237 842
a 237 180 842
a 181 237 1686
a 237 181 1686
a 181 238 1398
a 238 181 1398
a 181 239 682
a 239 181 682
a 182 234 279
a 234 182 279
a 182 240 88
a 240 182 88
a 184 241 738
a 241 184 738
a 184 242 373
a 242 184 373
a 185 243 2322
a 243 185 2322
a 185 244 1034
a 244 185 1034
a 185 245 1632
a 245 185 1632
a 186 228 836
a 228 186 836
a 186 246 336
a 246 186 336
a 187 247 157
a 247 187 157
a 188 248 130
a 248 188 130
a 189 249 403
a 249 189 403
a 190 250 1255
a 250 190 1255
a 191 194 1009
a 194 191 1009
a 191 251 1029
a 251 191 1029
a 192 252 2030
a 252 192 2030
a 192 253 827
a 253 192 827
a 193 254 3095
a 254 193 3095
a 194 255 558
a 255 194 558
a 196 256 558
a 256 196 558
a 196 257 1022
a 257 196 1022
a 197 258 1016
a 258 197 1016
a 197 259 1320
a 259 197 1320
a 198 260 892
a 260 198 892
a 198 261 1412
a 261 198 1412
a 199 262 1074
a 262 199 1074
a 200 263 2873
a 263 200 2873
a 200 264 2622
a 264 200 2622
a 201 202 1533
a 202 201 1533
a 201 265 1116
a 265 201 1116
a 202 265 2483
a 265 202 2483
a 203 266 1746
a 266 203 1746
a 203 267 720
a 267 203 720
a 204 205 1115
a 205 204 1115
a 204 266 1446
a 266 204 1446
a 205 268 605
a 268 205 605
a 215 232 1603
a 232 215 1603
a 217 218 1387
a 218 217 1387
a 218 220 818
a 220 218 818
a 223 247 2751
a 247 223 2751
a 225 226 2643
a 226 225 2643
a 229 233 2002
a 233 229 2002
a 234 238 612
a 238 234 612
a 247 248 1555
a 248 247 1555
a 249 250 2916
a 250 249 2916
a 258 260 1014
a 260 258 1014
a 263 264 673
a 264 263 673
