c In this file, the DIMACS format is extended by allowing arcs of infinite weight.
c These are specified by "a U V inf", where U and V are vertex IDs.
p sp 214 470
a 1 2 1532
a 2 1 1532
a 2 3 582
a 3 2 582
a 2 4 1229
a 4 2 1229
a 3 5 547
a 5 3 547
a 3 6 2648
a 6 3 2648
a 4 7 1224
a 7 4 1224
a 4 8 1694
a 8 4 1694
a 5 9 3843
a 9 5 3843
a 5 10 3117
a 10 5 3117
a 7 11 805
a 11 7 805
a 7 12 713
a 12 7 713
a 8 13 1361
a 13 8 1361
a 8 14 1817
a 14 8 1817
a 9 15 923
a 15 9 923
a 10 16 929
a 16 10 929
a 10 17 992
a 17 10 992
a 11 18 983
a 18 11 983
a 11 19 903
a 19 11 903
a 12 20 1800
a 20 12 1800
a 13 21 1557
a 21 13 1557
a 14 22 671
a 22 14 671
a 14 23 336
a 23 14 336
a 15 24 84
a 24 15 84
a 15 25 7506
a 25 15 7506
a 16 26 1051
a 26 16 1051
a 16 27 445
a 27 16 445
a 19 23 452
a 23 19 452
a 19 28 2358
a 28 19 2358
a 20 29 303
a 29 20 303
a 22 30 1777
a 30 22 1777
a 22 31 1425
a 31 22 1425
a 23 32 1140
a 32 23 1140
a 24 33 1558
a 33 24 1558
a 24 34 1299
a 34 24 1299
a 28 32 3223
a 32 28 3223
a 28 35 475
a 35 28 475
a 29 36 276
a 36 29 276
a 30 37 3071
a 37 30 3071
a 32 38 473
a 38 32 473
a 33 39 4642
a 39 33 4642
a 33 40 5572
a 40 33 5572
a 34 41 161
a 41 34 161
a 34 42 1425
a 42 34 1425
a 35 43 1494
a 43 35 1494
a 36 44 1495
a 44 36 1495
a 38 45 835
a 45 38 835
a 38 46 3547
a 46 38 3547
a 39 40 2700
a 40 39 2700
a 39 47 1006
a 47 39 1006
a 39 48 2590
a 48 39 2590
a 40 49 1321
a 49 40 1321
a 41 50 434
a 50 41 434
a 41 51 333
a 51 41 333
a 44 52 870
a 52 44 870
a 44 53 1994
a 53 44 1994
a 45 54 688
a 54 45 688
a 45 55 1943
a 55 45 1943
a 46 56 611
a 56 46 611
a 46 57 1827
a 57 46 1827
a 49 58 6649
a 58 49 6649
a 49 59 1449
a 59 49 1449
a 50 60 3527
a 60 50 3527
a 50 61 868
a 61 50 868
a 51 62 389
a 62 51 389
a 52 63 1721
a 63 52 1721
a 52 64 2532
a 64 52 2532
a 54 65 2131
a 65 54 2131
a 54 66 1419
a 66 54 1419
a 55 67 671
a 67 55 671
a 56 68 2687
a 68 56 2687
a 56 69 808
a 69 56 808
a 57 70 707
a 70 57 707
a 57 71 4036
a 71 57 4036
a 58 72 536
a 72 58 536
a 58 73 672
a 73 58 672
a 59 74 1055
a 74 59 1055
a 59 75 238
a 75 59 238
a 60 76 1592
a 76 60 1592
a 60 77 787
a 77 60 787
a 60 78 787
a 78 60 787
a 61 79 688
a 79 61 688
a 61 80 201
a 80 61 201
a 62 81 1043
a 81 62 1043
a 63 82 970
a 82 63 970
a 64 83 288
a 83 64 288
a 65 84 278
a 84 65 278
a 66 85 536
a 85 66 536
a 68 86 2226
a 86 68 2226
a 68 87 1166
a 87 68 1166
a 68 88 1360
a 88 68 1360
a 69 89 1526
a 89 69 1526
a 69 90 1454
a 90 69 1454
a 70 91 5024
a 91 70 5024
a 71 92 4860
a 92 71 4860
a 71 93 2037
a 93 71 2037
a 72 94 2043
a 94 72 2043
a 72 95 2026
a 95 72 2026
a 73 96 1004
a 96 73 1004
a 73 97 1430
a 97 73 1430
a 74 98 4134
a 98 74 4134
a 75 99 981
a 99 75 981
a 75 100 1932
a 100 75 1932
a 78 79 2823
a 79 78 2823
a 78 101 787
a 101 78 787
a 79 102 2638
a 102 79 2638
a 80 103 1027
a 103 80 1027
a 80 104 1024
a 104 80 1024
a 81 83 178
a 83 81 178
a 81 105 614
a 105 81 614
a 82 106 1063
a 106 82 1063
a 84 107 336
a 107 84 336
a 84 108 1480
a 108 84 1480
a 85 108 2365
a 108 85 2365
a 85 109 604
a 109 85 604
a 86 110 1272
a 110 86 1272
a 87 111 4643
a 111 87 4643
a 87 112 1100
a 112 87 1100
a 88 113 1409
a 113 88 1409
a 88 114 275
a 114 88 275
a 89 115 1174
a 115 89 1174
a 89 116 749
a 116 89 749
a 91 117 3011
a 117 91 3011
a 91 118 333
a 118 91 333
a 92 119 2170
a 119 92 2170
a 92 120 1124
a 120 92 1124
a 94 121 1031
a 121 94 1031
a 94 122 983
a 122 94 983
a 95 123 1878
a 123 95 1878
a 95 124 3571
a 124 95 3571
a 95 125 6705
a 125 95 6705
a 96 126 604
a 126 96 604
a 96 127 1722
a 127 96 1722
a 98 128 946
a 128 98 946
a 98 129 1874
a 129 98 1874
a 99 130 2229
a 130 99 2229
a 99 131 628
a 131 99 628
a 100 131 1437
a 131 100 1437
a 100 132 1866
a 132 100 1866
a 102 133 905
a 133 102 905
a 102 134 672
a 134 102 672
a 103 104 418
a 104 103 418
a 104 134 1765
a 134 104 1765
a 107 135 381
a 135 107 381
a 108 136 536
a 136 108 536
a 110 137 3893
a 137 110 3893
a 110 138 1444
a 138 110 1444
a 111 139 536
a 139 111 536
a 111 140 1114
a 140 111 1114
a 111 141 2067
a 141 111 2067
a 112 114 796
a 114 112 796
a 112 142 1120
a 142 112 1120
a 112 143 536
a 143 112 536
a 114 144 587
a 144 114 587
a 116 145 933
a 145 116 933
a 117 146 515
a 146 117 515
a 117 147 3669
a 147 117 3669
a 118 148 778
a 148 118 778
a 119 149 372
a 149 119 372
a 119 150 1220
a 150 119 1220
a 120 151 3582
a 151 120 3582
a 120 152 1700
a 152 120 1700
a 121 153 1192
a 153 121 1192
a 122 154 2679
a 154 122 2679
a 122 155 847
a 155 122 847
a 123 156 4214
a 156 123 4214
a 124 157 1150
a 157 124 1150
a 124 158 2475
a 158 124 2475
a 127 159 515
a 159 127 515
a 128 160 1792
a 160 128 1792
a 128 161 1166
a 161 128 1166
a 130 162 2750
a 162 130 2750
a 130 163 1845
a 163 130 1845
a 131 164 275
a 164 131 275
a 132 165 1065
a 165 132 1065
a 133 166 1526
a 166 133 1526
a 133 167 1375
a 167 133 1375
a 133 168 1752
a 168 133 1752
a 134 169 1278
a 169 134 1278
a 137 170 3151
a 170 137 3151
a 137 171 763
a 171 137 763
a 137 172 578
a 172 137 578
a 138 173 336
a 173 138 336
a 139 174 402
a 174 139 402
a 140 175 2005
a 175 140 2005
a 140 176 1889
a 176 140 1889
a 140 177 1594
a 177 140 1594
a 141 175 949
a 175 141 949
a 141 178 672
a 178 141 672
a 142 176 2004
a 176 142 2004
a 142 179 1608
a 179 142 1608
a 144 180 1343
a 180 144 1343
a 145 181 2273
a 181 145 2273
a 145 182 959
a 182 145 959
a 146 183 4970
a 183 146 4970
a 148 184 1366
a 184 148 1366
a 148 185 1447
a 185 148 1447
a 149 186 726
a 186 149 726
a 149 187 178
a 187 149 178
a 150 188 750
a 188 150 750
a 150 189 402
a 189 150 402
a 152 190 3957
a 190 152 3957
a 152 191 981
a 191 152 981
a 153 192 785
a 192 153 785
a 153 193 61
a 193 153 61
a 153 194 1851
a 194 153 1851
a 154 195 5966
a 195 154 5966
a 154 196 556
a 196 154 556
a 155 197 2890
a 197 155 2890
a 156 192 949
a 192 156 949
a 156 198 1946
a 198 156 1946
a 156 199 3055
a 199 156 3055
a 157 200 2712
a 200 157 2712
a 158 201 473
a 201 158 473
a 160 161 1583
a 161 160 1583
a 160 202 1891
a 202 160 1891
a 161 202 1138
a 202 161 1138
a 162 203 1433
a 203 162 1433
a 162 204 2456
a 204 162 2456
a 164 205 336
a 205 164 336
a 164 206 2088
a 206 164 2088
a 165 207 402
a 207 165 402
a 167 208 373
a 208 167 373
a 167 209 2270
a 209 167 2270
a 168 169 557
a 169 168 557
a 168 209 344
a 209 168 344
a 169 173 1221
a 173 169 1221
a 170 210 623
a 210 170 623
a 170 211 1278
a 211 170 1278
a 171 212 949
a 212 171 949
a 171 213 1728
a 213 171 1728
a 172 214 1104
a 214 172 1104
a 173 209 1343
a 209 173 1343
a 196 197 1196
a 197 196 1196
a 207 208 2270
a 208 207 2270
a 209 212 1827
a 212 209 1827
