c In this file, the DIMACS format is extended by allowing arcs of infinite weight.
c These are specified by "a U V inf", where U and V are vertex IDs.
p sp 268 780
a 1 2 312
a 2 1 312
a 1 3 1205
a 3 1 1205
a 1 4 356
a 4 1 356
a 2 5 340
a 5 2 340
a 2 6 1183
a 6 2 1183
a 4 7 323
a 7 4 323
a 4 8 400
a 8 4 400
a 5 9 365
a 9 5 365
a 5 10 1067
a 10 5 1067
a 7 11 1338
a 11 7 1338
a 7 12 362
a 12 7 362
a 8 13 362
a 13 8 362
a 8 14 803
a 14 8 803
a 9 11 274
a 11 9 274
a 9 15 921
a 15 9 921
a 11 16 314
a 16 11 314
a 11 17 239
a 17 11 239
a 12 16 1308
a 16 12 1308
a 12 18 272
a 18 12 272
a 13 19 1697
a 19 13 1697
a 13 20 323
a 20 13 323
a 13 21 804
a 21 13 804
a 16 22 274
a 22 16 274
a 18 22 1282
a 22 18 1282
a 18 23 350
a 23 18 350
a 19 23 403
a 23 19 403
a 19 24 362
a 24 19 362
a 20 24 1687
a 24 20 1687
a 20 25 763
a 25 20 763
a 20 26 351
a 26 20 351
a 22 27 337
a 27 22 337
a 23 27 1295
a 27 23 1295
a 23 28 351
a 28 23 351
a 24 29 323
a 29 24 323
a 26 29 1711
a 29 26 1711
a 26 30 768
a 30 26 768
a 26 31 311
a 31 26 311
a 27 32 355
a 32 27 355
a 28 32 1268
a 32 28 1268
a 28 33 365
a 33 28 365
a 28 34 1812
a 34 28 1812
a 29 35 285
a 35 29 285
a 31 35 1709
a 35 31 1709
a 31 36 716
a 36 31 716
a 31 37 432
a 37 31 432
a 32 38 336
a 38 32 336
a 33 38 1293
a 38 33 1293
a 33 39 300
a 39 33 300
a 33 40 1786
a 40 33 1786
a 34 40 362
a 40 34 362
a 34 41 377
a 41 34 377
a 34 42 1696
a 42 34 1696
a 35 41 440
a 41 35 440
a 37 43 504
a 43 37 504
a 37 44 674
a 44 37 674
a 37 45 388
a 45 37 388
a 38 46 285
a 46 38 285
a 39 46 1331
a 46 39 1331
a 39 47 289
a 47 39 289
a 39 48 1758
a 48 39 1758
a 40 48 323
a 48 40 323
a 40 49 1697
a 49 40 1697
a 41 50 298
a 50 41 298
a 41 51 1681
a 51 41 1681
a 42 49 363
a 49 42 363
a 42 51 339
a 51 42 339
a 42 52 1397
a 52 42 1397
a 43 53 375
a 53 43 375
a 43 54 326
a 54 43 326
a 45 53 517
a 53 45 517
a 45 55 388
a 55 45 388
a 45 56 741
a 56 45 741
a 45 57 660
a 57 45 660
a 46 58 310
a 58 46 310
a 46 59 314
a 59 46 314
a 47 59 1332
a 59 47 1332
a 47 60 325
a 60 47 325
a 47 61 1758
a 61 47 1758
a 48 61 314
a 61 48 314
a 48 62 1709
a 62 48 1709
a 49 62 337
a 62 49 337
a 49 63 1475
a 63 49 1475
a 50 64 325
a 64 50 325
a 50 65 1687
a 65 50 1687
a 51 65 374
a 65 51 374
a 51 66 1156
a 66 51 1156
a 53 67 376
a 67 53 376
a 54 64 297
a 64 54 297
a 54 68 728
a 68 54 728
a 55 67 478
a 67 55 478
a 55 69 54
a 69 55 54
a 55 70 406
a 70 55 406
a 59 71 325
a 71 59 325
a 60 71 1332
a 71 60 1332
a 60 72 362
a 72 60 362
a 60 73 1732
a 73 60 1732
a 61 73 323
a 73 61 323
a 61 74 1680
a 74 61 1680
a 62 74 337
a 74 62 337
a 62 75 1747
a 75 62 1747
a 63 75 458
a 75 63 458
a 64 76 1704
a 76 64 1704
a 65 76 363
a 76 65 363
a 65 77 585
a 77 65 585
a 69 78 505
a 78 69 505
a 71 79 298
a 79 71 298
a 72 79 1316
a 79 72 1316
a 72 80 405
a 80 72 405
a 72 81 1748
a 81 72 1748
a 73 81 297
a 81 73 297
a 73 82 1667
a 82 73 1667
a 74 82 336
a 82 74 336
a 74 83 1980
a 83 74 1980
a 76 84 329
a 84 76 329
a 76 85 194
a 85 76 194
a 79 86 454
a 86 79 454
a 80 86 1345
a 86 80 1345
a 80 87 1719
a 87 80 1719
a 81 87 453
a 87 81 453
a 81 88 1655
a 88 81 1655
a 82 88 310
a 88 82 310
a 82 89 2082
a 89 82 2082
a 86 90 834
a 90 86 834
a 87 91 1668
a 91 87 1668
a 88 91 442
a 91 88 442
a 88 92 2172
a 92 88 2172
a 90 93 110
a 93 90 110
a 91 94 2235
a 94 91 2235
a 93 95 492
a 95 93 492
a 93 96 2598
a 96 93 2598
a 95 97 1456
a 97 95 1456
a 95 98 493
a 98 95 493
a 96 99 467
a 99 96 467
a 96 100 143
a 100 96 143
a 96 101 2067
a 101 96 2067
a 97 102 1429
a 102 97 1429
a 97 103 517
a 103 97 517
a 98 103 1427
a 103 98 1427
a 98 104 376
a 104 98 376
a 99 105 1408
a 105 99 1408
a 99 106 497
a 106 99 497
a 99 107 405
a 107 99 405
a 102 108 1463
a 108 102 1463
a 102 109 478
a 109 102 478
a 103 109 1422
a 109 103 1422
a 103 110 363
a 110 103 363
a 104 110 1415
a 110 104 1415
a 104 111 401
a 111 104 401
a 105 112 1356
a 112 105 1356
a 105 113 362
a 113 105 362
a 105 114 440
a 114 105 440
a 106 114 1453
a 114 106 1453
a 106 115 428
a 115 106 428
a 107 113 1375
a 113 107 1375
a 107 116 391
a 116 107 391
a 108 117 1399
a 117 108 1399
a 108 118 517
a 118 108 517
a 109 118 1470
a 118 109 1470
a 109 119 349
a 119 109 349
a 110 119 1411
a 119 110 1411
a 110 120 390
a 120 110 390
a 111 115 377
a 115 111 377
a 111 120 1456
a 120 111 1456
a 112 121 453
a 121 112 453
a 112 122 1390
a 122 112 1390
a 112 123 388
a 123 112 388
a 113 121 1360
a 121 113 1360
a 113 124 456
a 124 113 456
a 114 123 1350
a 123 114 1350
a 114 125 442
a 125 114 442
a 115 125 1441
a 125 115 1441
a 116 124 1378
a 124 116 1378
a 116 126 362
a 126 116 362
a 117 127 1191
a 127 117 1191
a 117 128 492
a 128 117 492
a 118 128 1351
a 128 118 1351
a 118 129 388
a 129 118 388
a 119 129 1453
a 129 119 1453
a 119 130 428
a 130 119 428
a 120 125 389
a 125 120 389
a 120 130 1393
a 130 120 1393
a 121 131 740
a 131 121 740
a 121 132 401
a 132 121 401
a 123 133 1444
a 133 123 1444
a 123 134 465
a 134 123 465
a 124 132 1313
a 132 124 1313
a 124 135 440
a 135 124 440
a 125 134 1379
a 134 125 1379
a 126 135 1372
a 135 126 1372
a 126 136 388
a 136 126 388
a 127 137 104
a 137 127 104
a 127 138 804
a 138 127 804
a 128 139 1364
a 139 128 1364
a 128 140 414
a 140 128 414
a 129 140 1374
a 140 129 1374
a 129 141 414
a 141 129 414
a 130 134 401
a 134 130 401
a 130 141 1442
a 141 130 1442
a 131 142 385
a 142 131 385
a 132 143 518
a 143 132 518
a 132 144 1053
a 144 132 1053
a 133 145 426
a 145 133 426
a 133 146 339
a 146 133 339
a 133 147 141
a 147 133 141
a 134 145 1453
a 145 134 1453
a 135 143 1306
a 143 135 1306
a 135 148 388
a 148 135 388
a 136 148 1372
a 148 136 1372
a 136 149 375
a 149 136 375
a 137 139 545
a 139 137 545
a 137 150 403
a 150 137 403
a 138 151 2370
a 151 138 2370
a 138 152 879
a 152 138 879
a 139 153 388
a 153 139 388
a 140 153 1367
a 153 140 1367
a 140 154 362
a 154 140 362
a 141 145 414
a 145 141 414
a 141 154 1378
a 154 141 1378
a 143 155 440
a 155 143 440
a 143 156 401
a 156 143 401
a 145 157 1350
a 157 145 1350
a 147 158 1203
a 158 147 1203
a 148 156 1318
a 156 148 1318
a 148 159 362
a 159 148 362
a 149 159 1411
a 159 149 1411
a 149 160 161
a 160 149 161
a 150 161 1916
a 161 150 1916
a 150 162 1313
a 162 150 1313
a 151 161 811
a 161 151 811
a 151 163 2499
a 163 151 2499
a 151 164 905
a 164 151 905
a 152 164 2398
a 164 152 2398
a 153 165 374
a 165 153 374
a 154 157 439
a 157 154 439
a 154 165 1353
a 165 154 1353
a 156 166 160
a 166 156 160
a 157 158 413
a 158 157 413
a 157 167 1386
a 167 157 1386
a 158 168 1423
a 168 158 1423
a 158 169 249
a 169 158 249
a 159 170 508
a 170 159 508
a 159 171 1061
a 171 159 1061
a 160 172 239
a 172 160 239
a 161 173 1783
a 173 161 1783
a 161 174 310
a 174 161 310
a 162 167 1293
a 167 162 1293
a 162 174 1457
a 174 162 1457
a 162 175 759
a 175 162 759
a 163 176 2136
a 176 163 2136
a 163 177 950
a 177 163 950
a 163 178 866
a 178 163 866
a 164 177 2412
a 177 164 2412
a 165 167 505
a 167 165 505
a 167 168 311
a 168 167 311
a 168 179 337
a 179 168 337
a 170 172 1459
a 172 170 1459
a 170 180 271
a 180 170 271
a 170 181 272
a 181 170 272
a 173 178 623
a 178 173 623
a 173 182 2110
a 182 173 2110
a 174 182 896
a 182 174 896
a 175 182 1014
a 182 175 1014
a 175 183 1841
a 183 175 1841
a 175 184 844
a 184 175 844
a 176 185 2254
a 185 176 2254
a 176 186 844
a 186 176 844
a 176 187 972
a 187 176 972
a 177 187 2164
a 187 177 2164
a 178 188 819
a 188 178 819
a 178 189 807
a 189 178 807
a 179 183 350
a 183 179 350
a 179 190 1217
a 190 179 1217
a 182 191 1098
a 191 182 1098
a 183 192 155
a 192 183 155
a 184 191 427
a 191 184 427
a 184 193 798
a 193 184 798
a 184 194 2190
a 194 184 2190
a 185 195 2583
a 195 185 2583
a 185 196 847
a 196 185 847
a 186 197 1785
a 197 186 1785
a 186 198 350
a 198 186 350
a 186 199 750
a 199 186 750
a 187 200 3922
a 200 187 3922
a 188 189 1320
a 189 188 1320
a 188 199 623
a 199 188 623
a 189 191 2699
a 191 189 2699
a 189 201 972
a 201 189 972
a 190 202 715
a 202 190 715
a 192 194 690
a 194 192 690
a 192 202 534
a 202 192 534
a 193 201 2651
a 201 193 2651
a 193 203 755
a 203 193 755
a 193 204 2416
a 204 193 2416
a 194 205 186
a 205 194 186
a 195 206 2319
a 206 195 2319
a 195 207 905
a 207 195 905
a 196 197 497
a 197 196 497
a 196 208 1125
a 208 196 1125
a 196 209 638
a 209 196 638
a 197 210 2181
a 210 197 2181
a 198 210 878
a 210 198 878
a 198 211 515
a 211 198 515
a 199 211 659
a 211 199 659
a 200 212 2306
a 212 200 2306
a 200 213 852
a 213 200 852
a 201 211 2280
a 211 201 2280
a 201 214 822
a 214 201 822
a 202 205 858
a 205 202 858
a 202 215 228
a 215 202 228
a 203 214 2588
a 214 203 2588
a 203 216 2468
a 216 203 2468
a 203 217 2414
a 217 203 2414
a 204 205 916
a 205 204 916
a 204 217 774
a 217 204 774
a 204 218 2365
a 218 204 2365
a 205 219 2447
a 219 205 2447
a 206 220 2257
a 220 206 2257
a 206 221 802
a 221 206 802
a 206 222 909
a 222 206 909
a 207 208 1312
a 208 207 1312
a 207 223 260
a 223 207 260
a 208 209 982
a 209 208 982
a 209 224 809
a 224 209 809
a 209 225 2593
a 225 209 2593
a 210 211 776
a 211 210 776
a 210 214 2330
a 214 210 2330
a 210 225 833
a 225 210 833
a 212 226 2452
a 226 212 2452
a 212 227 788
a 227 212 788
a 213 227 2289
a 227 213 2289
a 213 228 801
a 228 213 801
a 214 229 824
a 229 214 824
a 216 230 2506
a 230 216 2506
a 216 231 2596
a 231 216 2596
a 216 232 2401
a 232 216 2401
a 217 233 826
a 233 217 826
a 217 234 2368
a 234 217 2368
a 218 219 956
a 219 218 956
a 218 234 756
a 234 218 756
a 219 235 2271
a 235 219 2271
a 219 236 676
a 236 219 676
a 220 237 2498
a 237 220 2498
a 220 238 1011
a 238 220 1011
a 220 239 775
a 239 220 775
a 221 239 2306
a 239 221 2306
a 221 240 725
a 240 221 725
a 222 241 789
a 241 222 789
a 222 242 779
a 242 222 779
a 223 224 2298
a 224 223 2298
a 223 243 440
a 243 223 440
a 224 244 794
a 244 224 794
a 224 245 2617
a 245 224 2617
a 225 229 2256
a 229 225 2256
a 225 245 776
a 245 225 776
a 226 246 2340
a 246 226 2340
a 226 247 847
a 247 226 847
a 226 248 767
a 248 226 767
a 227 248 2371
a 248 227 2371
a 227 249 802
a 249 227 802
a 228 249 2262
a 249 228 2262
a 228 250 884
a 250 228 884
a 229 251 776
a 251 229 776
a 230 252 828
a 252 230 828
a 230 253 2552
a 253 230 2552
a 230 254 2405
a 254 230 2405
a 231 251 812
a 251 231 812
a 231 255 2316
a 255 231 2316
a 231 256 837
a 256 231 837
a 232 233 1585
a 233 232 1585
a 232 257 812
a 257 232 812
a 232 258 1472
a 258 232 1472
a 233 259 2424
a 259 233 2424
a 234 259 815
a 259 234 815
a 235 260 2580
a 260 235 2580
a 235 261 575
a 261 235 575
a 236 262 183
a 262 236 183
a 237 263 531
a 263 237 531
a 237 264 767
a 264 237 767
a 237 265 375
a 265 237 375
a 238 266 1530
a 266 238 1530
a 238 267 797
a 267 238 797
a 238 268 943
a 268 238 943
a 239 264 2407
a 264 239 2407
a 241 268 497
a 268 241 497
a 242 243 974
a 243 242 974
a 244 255 2555
a 255 244 2555
a 245 251 2257
a 251 245 2257
a 245 255 842
a 255 245 842
a 263 265 683
a 265 263 683
a 267 268 540
a 268 267 540
