c In this file, the DIMACS format is extended by allowing arcs of infinite weight.
c These are specified by "a U V inf", where U and V are vertex IDs.
p sp 3906 10230
a 1 2 833
a 2 1 833
a 1 3 1170
a 3 1 1170
a 1 4 1039
a 4 1 1039
a 2 5 794
a 5 2 794
a 2 6 1171
a 6 2 1171
a 3 7 591
a 7 3 591
a 3 8 1499
a 8 3 1499
a 3 9 792
a 9 3 792
a 4 10 1095
a 10 4 1095
a 4 11 348
a 11 4 348
a 4 12 818
a 12 4 818
a 5 13 845
a 13 5 845
a 5 14 1136
a 14 5 1136
a 6 7 243
a 7 6 243
a 6 14 698
a 14 6 698
a 7 15 1410
a 15 7 1410
a 8 15 796
a 15 8 796
a 8 16 704
a 16 8 704
a 9 11 138
a 11 9 138
a 9 16 1670
a 16 9 1670
a 11 17 781
a 17 11 781
a 12 17 628
a 17 12 628
a 12 18 821
a 18 12 821
a 12 19 807
a 19 12 807
a 13 20 783
a 20 13 783
a 13 21 1240
a 21 13 1240
a 14 21 832
a 21 14 832
a 14 22 1276
a 22 14 1276
a 15 22 701
a 22 15 701
a 15 23 418
a 23 15 418
a 16 24 780
a 24 16 780
a 16 25 139
a 25 16 139
a 17 24 1764
a 24 17 1764
a 18 26 4804
a 26 18 4804
a 18 27 2541
a 27 18 2541
a 18 28 1201
a 28 18 1201
a 20 29 878
a 29 20 878
a 20 30 1191
a 30 20 1191
a 21 30 838
a 30 21 838
a 21 31 1286
a 31 21 1286
a 22 32 669
a 32 22 669
a 23 33 180
a 33 23 180
a 24 34 1333
a 34 24 1333
a 25 35 664
a 35 25 664
a 26 36 835
a 36 26 835
a 26 37 2511
a 37 26 2511
a 26 38 1261
a 38 26 1261
a 27 39 1864
a 39 27 1864
a 28 40 523
a 40 28 523
a 29 41 1644
a 41 29 1644
a 29 42 1114
a 42 29 1114
a 30 41 746
a 41 30 746
a 30 43 1320
a 43 30 1320
a 31 32 103
a 32 31 103
a 31 43 844
a 43 31 844
a 32 44 496
a 44 32 496
a 33 45 751
a 45 33 751
a 34 35 717
a 35 34 717
a 34 39 711
a 39 34 711
a 34 46 2193
a 46 34 2193
a 35 47 917
a 47 35 917
a 36 48 3653
a 48 36 3653
a 36 49 1648
a 49 36 1648
a 37 50 3030
a 50 37 3030
a 38 51 1760
a 51 38 1760
a 39 52 1936
a 52 39 1936
a 39 53 3497
a 53 39 3497
a 41 54 1942
a 54 41 1942
a 41 55 1390
a 55 41 1390
a 42 56 743
a 56 42 743
a 43 55 794
a 55 43 794
a 44 57 376
a 57 44 376
a 45 46 937
a 46 45 937
a 45 47 552
a 47 45 552
a 45 58 923
a 58 45 923
a 46 59 7828
a 59 46 7828
a 47 60 630
a 60 47 630
a 48 61 1190
a 61 48 1190
a 48 62 3487
a 62 48 3487
a 50 63 247
a 63 50 247
a 51 64 742
a 64 51 742
a 52 65 854
a 65 52 854
a 53 66 232
a 66 53 232
a 54 56 1137
a 56 54 1137
a 54 67 438
a 67 54 438
a 54 68 1402
a 68 54 1402
a 55 68 1862
a 68 55 1862
a 56 69 687
a 69 56 687
a 57 58 470
a 58 57 470
a 57 70 1146
a 70 57 1146
a 58 71 903
a 71 58 903
a 59 72 1156
a 72 59 1156
a 59 73 2158
a 73 59 2158
a 59 74 671
a 74 59 671
a 61 75 4103
a 75 61 4103
a 61 76 4270
a 76 61 4270
a 62 76 1228
a 76 62 1228
a 62 77 904
a 77 62 904
a 63 78 243
a 78 63 243
a 64 78 7750
a 78 64 7750
a 64 79 103
a 79 64 103
a 64 80 3776
a 80 64 3776
a 65 81 670
a 81 65 670
a 66 82 416
a 82 66 416
a 68 83 582
a 83 68 582
a 68 84 502
a 84 68 502
a 69 85 381
a 85 69 381
a 70 86 834
a 86 70 834
a 70 87 1255
a 87 70 1255
a 71 87 686
a 87 71 686
a 71 88 216
a 88 71 216
a 72 89 311
a 89 72 311
a 72 90 1728
a 90 72 1728
a 72 91 681
a 91 72 681
a 73 74 1925
a 74 73 1925
a 73 92 1411
a 92 73 1411
a 74 93 3274
a 93 74 3274
a 74 94 742
a 94 74 742
a 75 95 99
a 95 75 99
a 75 96 1981
a 96 75 1981
a 75 97 800
a 97 75 800
a 76 98 2500
a 98 76 2500
a 78 99 395
a 99 78 395
a 79 100 623
a 100 79 623
a 79 101 3443
a 101 79 3443
a 81 102 687
a 102 81 687
a 81 103 1178
a 103 81 1178
a 82 104 760
a 104 82 760
a 84 105 394
a 105 84 394
a 86 105 1825
a 105 86 1825
a 86 106 1227
a 106 86 1227
a 87 106 841
a 106 87 841
a 88 107 3314
a 107 88 3314
a 88 108 619
a 108 88 619
a 89 109 3149
a 109 89 3149
a 89 110 612
a 110 89 612
a 90 111 3267
a 111 90 3267
a 92 110 2851
a 110 92 2851
a 92 112 511
a 112 92 511
a 93 112 744
a 112 93 744
a 93 113 4513
a 113 93 4513
a 93 114 779
a 114 93 779
a 94 115 1499
a 115 94 1499
a 94 116 939
a 116 94 939
a 95 117 1345
a 117 95 1345
a 96 118 784
a 118 96 784
a 96 119 248
a 119 96 248
a 97 120 3413
a 120 97 3413
a 97 121 854
a 121 97 854
a 98 122 2814
a 122 98 2814
a 98 123 1729
a 123 98 1729
a 99 124 1569
a 124 99 1569
a 99 125 266
a 125 99 266
a 100 126 1427
a 126 100 1427
a 100 127 1323
a 127 100 1323
a 101 127 3298
a 127 101 3298
a 101 128 2129
a 128 101 2129
a 102 129 1023
a 129 102 1023
a 102 130 2451
a 130 102 2451
a 103 131 687
a 131 103 687
a 103 132 344
a 132 103 344
a 104 133 325
a 133 104 325
a 105 134 153
a 134 105 153
a 106 135 1921
a 135 106 1921
a 107 136 989
a 136 107 989
a 107 137 611
a 137 107 611
a 108 138 1954
a 138 108 1954
a 108 139 335
a 139 108 335
a 109 140 3263
a 140 109 3263
a 109 141 2535
a 141 109 2535
a 109 142 1294
a 142 109 1294
a 110 142 2367
a 142 110 2367
a 111 143 892
a 143 111 892
a 112 144 2436
a 144 112 2436
a 112 145 2259
a 145 112 2259
a 113 146 2000
a 146 113 2000
a 114 147 2034
a 147 114 2034
a 114 148 2568
a 148 114 2568
a 114 149 702
a 149 114 702
a 115 133 1336
a 133 115 1336
a 116 148 108
a 148 116 108
a 117 150 1066
a 150 117 1066
a 118 121 864
a 121 118 864
a 118 151 2887
a 151 118 2887
a 118 152 794
a 152 118 794
a 120 153 13042
a 153 120 13042
a 120 154 562
a 154 120 562
a 120 155 656
a 155 120 656
a 121 154 3071
a 154 121 3071
a 123 156 7406
a 156 123 7406
a 124 157 871
a 157 124 871
a 124 158 628
a 158 124 628
a 125 159 2249
a 159 125 2249
a 126 159 3466
a 159 126 3466
a 126 160 3404
a 160 126 3404
a 127 161 2016
a 161 127 2016
a 128 162 1736
a 162 128 1736
a 128 163 1257
a 163 128 1257
a 129 132 950
a 132 129 950
a 129 164 238
a 164 129 238
a 130 165 1031
a 165 130 1031
a 130 166 1525
a 166 130 1525
a 131 163 335
a 163 131 335
a 132 167 754
a 167 132 754
a 134 135 1296
a 135 134 1296
a 134 168 693
a 168 134 693
a 135 169 192
a 169 135 192
a 136 170 875
a 170 136 875
a 136 171 646
a 171 136 646
a 136 172 852
a 172 136 852
a 138 173 298
a 173 138 298
a 139 143 1333
a 143 139 1333
a 139 174 452
a 174 139 452
a 140 175 1427
a 175 140 1427
a 140 176 913
a 176 140 913
a 141 177 2702
a 177 141 2702
a 141 178 2121
a 178 141 2121
a 141 179 650
a 179 141 650
a 142 180 314
a 180 142 314
a 143 181 189
a 181 143 189
a 144 182 5658
a 182 144 5658
a 145 183 1368
a 183 145 1368
a 145 184 2179
a 184 145 2179
a 146 185 1220
a 185 146 1220
a 147 186 2668
a 186 147 2668
a 148 187 472
a 187 148 472
a 149 188 825
a 188 149 825
a 150 189 10722
a 189 150 10722
a 150 190 3973
a 190 150 3973
a 151 154 727
a 154 151 727
a 151 191 1244
a 191 151 1244
a 151 192 786
a 192 151 786
a 152 191 1799
a 191 152 1799
a 152 193 308
a 193 152 308
a 152 194 1026
a 194 152 1026
a 153 195 7446
a 195 153 7446
a 153 196 5098
a 196 153 5098
a 153 197 850
a 197 153 850
a 155 198 578
a 198 155 578
a 155 199 2394
a 199 155 2394
a 156 200 212
a 200 156 212
a 157 201 479
a 201 157 479
a 157 202 439
a 202 157 439
a 158 203 564
a 203 158 564
a 158 204 523
a 204 158 523
a 159 160 542
a 160 159 542
a 160 205 1698
a 205 160 1698
a 161 206 1562
a 206 161 1562
a 161 207 389
a 207 161 389
a 161 208 991
a 208 161 991
a 162 209 1112
a 209 162 1112
a 162 210 546
a 210 162 546
a 163 167 1014
a 167 163 1014
a 163 211 915
a 211 163 915
a 164 212 904
a 212 164 904
a 164 213 1463
a 213 164 1463
a 165 214 1791
a 214 165 1791
a 166 212 562
a 212 166 562
a 166 214 889
a 214 166 889
a 167 213 817
a 213 167 817
a 167 215 1112
a 215 167 1112
a 168 216 845
a 216 168 845
a 168 217 1236
a 217 168 1236
a 169 217 503
a 217 169 503
a 170 218 2439
a 218 170 2439
a 170 219 560
a 219 170 560
a 171 177 594
a 177 171 594
a 171 220 344
a 220 171 344
a 172 221 2165
a 221 172 2165
a 172 222 2466
a 222 172 2466
a 172 223 810
a 223 172 810
a 173 174 2095
a 174 173 2095
a 173 223 358
a 223 173 358
a 174 224 736
a 224 174 736
a 175 225 2123
a 225 175 2123
a 175 226 2962
a 226 175 2962
a 176 180 3688
a 180 176 3688
a 176 227 704
a 227 176 704
a 177 220 527
a 220 177 527
a 178 221 2154
a 221 178 2154
a 178 222 1881
a 222 178 1881
a 178 228 898
a 228 178 898
a 181 224 125
a 224 181 125
a 181 229 350
a 229 181 350
a 182 230 2127
a 230 182 2127
a 183 231 2217
a 231 183 2217
a 183 232 1553
a 232 183 1553
a 184 233 998
a 233 184 998
a 185 234 1004
a 234 185 1004
a 185 235 373
a 235 185 373
a 187 236 550
a 236 187 550
a 188 237 749
a 237 188 749
a 189 238 587
a 238 189 587
a 189 239 1377
a 239 189 1377
a 191 240 970
a 240 191 970
a 192 240 2207
a 240 192 2207
a 192 241 753
a 241 192 753
a 193 242 427
a 242 193 427
a 193 243 1622
a 243 193 1622
a 195 244 1422
a 244 195 1422
a 196 245 359
a 245 196 359
a 197 246 196
a 246 197 196
a 198 247 899
a 247 198 899
a 199 248 924
a 248 199 924
a 199 249 1179
a 249 199 1179
a 200 250 271
a 250 200 271
a 201 202 496
a 202 201 496
a 201 251 532
a 251 201 532
a 202 203 561
a 203 202 561
a 202 252 646
a 252 202 646
a 203 204 481
a 204 203 481
a 203 252 473
a 252 203 473
a 204 253 1527
a 253 204 1527
a 205 254 1937
a 254 205 1937
a 205 255 833
a 255 205 833
a 206 256 276
a 256 206 276
a 206 257 3516
a 257 206 3516
a 209 258 1603
a 258 209 1603
a 209 259 746
a 259 209 746
a 211 260 657
a 260 211 657
a 211 261 911
a 261 211 911
a 212 262 1709
a 262 212 1709
a 213 262 892
a 262 213 892
a 214 263 796
a 263 214 796
a 214 264 2920
a 264 214 2920
a 215 260 746
a 260 215 746
a 215 264 2346
a 264 215 2346
a 215 265 845
a 265 215 845
a 216 266 792
a 266 216 792
a 216 267 1228
a 267 216 1228
a 217 268 492
a 268 217 492
a 218 269 1078
a 269 218 1078
a 218 270 1063
a 270 218 1063
a 220 270 1957
a 270 220 1957
a 221 224 1660
a 224 221 1660
a 221 271 393
a 271 221 393
a 224 272 853
a 272 224 853
a 225 273 270
a 273 225 270
a 225 274 1316
a 274 225 1316
a 226 275 531
a 275 226 531
a 228 271 1714
a 271 228 1714
a 228 276 242
a 276 228 242
a 230 277 1083
a 277 230 1083
a 231 278 921
a 278 231 921
a 231 279 1177
a 279 231 1177
a 232 279 1285
a 279 232 1285
a 233 280 1384
a 280 233 1384
a 233 281 1157
a 281 233 1157
a 233 282 1262
a 282 233 1262
a 234 283 1719
a 283 234 1719
a 235 284 2850
a 284 235 2850
a 236 285 515
a 285 236 515
a 237 285 1139
a 285 237 1139
a 237 286 905
a 286 237 905
a 237 287 627
a 287 237 627
a 238 288 1251
a 288 238 1251
a 240 242 1311
a 242 240 1311
a 240 289 1025
a 289 240 1025
a 241 290 389
a 290 241 389
a 242 291 474
a 291 242 474
a 243 291 993
a 291 243 993
a 244 292 1487
a 292 244 1487
a 245 293 297
a 293 245 297
a 246 294 720
a 294 246 720
a 247 295 304
a 295 247 304
a 247 296 431
a 296 247 431
a 248 297 393
a 297 248 393
a 248 298 1079
a 298 248 1079
a 249 290 267
a 290 249 267
a 249 298 831
a 298 249 831
a 250 299 338
a 299 250 338
a 250 300 886
a 300 250 886
a 251 301 1198
a 301 251 1198
a 252 302 1509
a 302 252 1509
a 253 303 931
a 303 253 931
a 253 304 2885
a 304 253 2885
a 253 305 2979
a 305 253 2979
a 254 306 395
a 306 254 395
a 254 307 696
a 307 254 696
a 255 307 1918
a 307 255 1918
a 255 308 741
a 308 255 741
a 255 309 629
a 309 255 629
a 256 310 663
a 310 256 663
a 257 311 1485
a 311 257 1485
a 257 312 1528
a 312 257 1528
a 257 313 560
a 313 257 560
a 258 311 1576
a 311 258 1576
a 258 314 679
a 314 258 679
a 259 314 1479
a 314 259 1479
a 259 315 546
a 315 259 546
a 261 316 1170
a 316 261 1170
a 261 317 664
a 317 261 664
a 262 264 1099
a 264 262 1099
a 263 318 2040
a 318 263 2040
a 263 319 889
a 319 263 889
a 264 320 786
a 320 264 786
a 265 316 475
a 316 265 475
a 265 321 2151
a 321 265 2151
a 266 322 705
a 322 266 705
a 266 323 1245
a 323 266 1245
a 267 268 299
a 268 267 299
a 267 323 796
a 323 267 796
a 269 324 917
a 324 269 917
a 269 325 1057
a 325 269 1057
a 270 326 2394
a 326 270 2394
a 271 272 963
a 272 271 963
a 273 327 5339
a 327 273 5339
a 273 328 1550
a 328 273 1550
a 277 329 1314
a 329 277 1314
a 278 330 1415
a 330 278 1415
a 278 331 2808
a 331 278 2808
a 280 332 1697
a 332 280 1697
a 280 333 685
a 333 280 685
a 280 334 478
a 334 280 478
a 281 335 339
a 335 281 339
a 282 336 1220
a 336 282 1220
a 284 337 1767
a 337 284 1767
a 285 338 3133
a 338 285 3133
a 286 339 924
a 339 286 924
a 286 340 2224
a 340 286 2224
a 287 341 2941
a 341 287 2941
a 288 342 912
a 342 288 912
a 288 343 1579
a 343 288 1579
a 289 290 2607
a 290 289 2607
a 289 344 1327
a 344 289 1327
a 291 345 359
a 345 291 359
a 292 346 5646
a 346 292 5646
a 292 347 2041
a 347 292 2041
a 293 348 229
a 348 293 229
a 294 349 210
a 349 294 210
a 295 350 106
a 350 295 106
a 297 351 297
a 351 297 297
a 297 352 3441
a 352 297 3441
a 298 353 4233
a 353 298 4233
a 299 354 962
a 354 299 962
a 300 355 797
a 355 300 797
a 300 356 1386
a 356 300 1386
a 301 357 2527
a 357 301 2527
a 301 358 260
a 358 301 260
a 302 303 422
a 303 302 422
a 302 359 713
a 359 302 713
a 302 360 285
a 360 302 285
a 303 361 5034
a 361 303 5034
a 304 362 301
a 362 304 301
a 305 363 358
a 363 305 358
a 305 364 2499
a 364 305 2499
a 307 362 741
a 362 307 741
a 308 310 2215
a 310 308 2215
a 308 362 1918
a 362 308 1918
a 308 365 333
a 365 308 333
a 310 365 2311
a 365 310 2311
a 311 366 990
a 366 311 990
a 312 367 822
a 367 312 822
a 313 368 1085
a 368 313 1085
a 313 369 742
a 369 313 742
a 314 366 781
a 366 314 781
a 315 366 2147
a 366 315 2147
a 317 370 1481
a 370 317 1481
a 317 371 1559
a 371 317 1559
a 317 372 779
a 372 317 779
a 318 373 847
a 373 318 847
a 318 374 1726
a 374 318 1726
a 319 373 2393
a 373 319 2393
a 319 375 1114
a 375 319 1114
a 320 321 275
a 321 320 275
a 320 374 1055
a 374 320 1055
a 321 376 627
a 376 321 627
a 322 377 736
a 377 322 736
a 322 378 1236
a 378 322 1236
a 323 378 756
a 378 323 756
a 324 326 1096
a 326 324 1096
a 324 379 1243
a 379 324 1243
a 325 355 1323
a 355 325 1323
a 325 356 1093
a 356 325 1093
a 325 380 844
a 380 325 844
a 326 381 1966
a 381 326 1966
a 328 382 1448
a 382 328 1448
a 328 383 620
a 383 328 620
a 329 384 535
a 384 329 535
a 329 385 1095
a 385 329 1095
a 329 386 440
a 386 329 440
a 330 332 2160
a 332 330 2160
a 330 387 3162
a 387 330 3162
a 330 388 751
a 388 330 751
a 332 389 3529
a 389 332 3529
a 332 390 2555
a 390 332 2555
a 333 391 452
a 391 333 452
a 334 336 1339
a 336 334 1339
a 336 392 1627
a 392 336 1627
a 336 393 1027
a 393 336 1027
a 337 394 344
a 394 337 344
a 338 341 333
a 341 338 333
a 338 395 1844
a 395 338 1844
a 338 396 915
a 396 338 915
a 339 397 3853
a 397 339 3853
a 339 398 2682
a 398 339 2682
a 340 398 687
a 398 340 687
a 340 399 1726
a 399 340 1726
a 341 400 649
a 400 341 649
a 341 401 1847
a 401 341 1847
a 342 402 2134
a 402 342 2134
a 342 403 440
a 403 342 440
a 344 345 294
a 345 344 294
a 345 404 1860
a 404 345 1860
a 346 405 3845
a 405 346 3845
a 347 406 812
a 406 347 812
a 348 407 2953
a 407 348 2953
a 348 408 2891
a 408 348 2891
a 348 409 334
a 409 348 334
a 349 410 1336
a 410 349 1336
a 349 411 5709
a 411 349 5709
a 349 412 624
a 412 349 624
a 350 413 587
a 413 350 587
a 351 414 251
a 414 351 251
a 352 415 2965
a 415 352 2965
a 354 416 212
a 416 354 212
a 355 377 704
a 377 355 704
a 356 416 856
a 416 356 856
a 357 414 1168
a 414 357 1168
a 358 359 752
a 359 358 752
a 358 417 2625
a 417 358 2625
a 360 418 695
a 418 360 695
a 360 419 1388
a 419 360 1388
a 361 420 494
a 420 361 494
a 361 421 888
a 421 361 888
a 363 422 2180
a 422 363 2180
a 363 423 6110
a 423 363 6110
a 364 421 399
a 421 364 399
a 365 423 997
a 423 365 997
a 365 424 450
a 424 365 450
a 367 370 383
a 370 367 383
a 368 425 1029
a 425 368 1029
a 368 426 1376
a 426 368 1376
a 369 427 255
a 427 369 255
a 369 428 1022
a 428 369 1022
a 370 429 233
a 429 370 233
a 371 376 2405
a 376 371 2405
a 372 430 2705
a 430 372 2705
a 372 431 943
a 431 372 943
a 373 432 1119
a 432 373 1119
a 373 433 875
a 433 373 875
a 374 434 796
a 434 374 796
a 375 396 552
a 396 375 552
a 375 432 2825
a 432 375 2825
a 376 435 5012
a 435 376 5012
a 377 380 1327
a 380 377 1327
a 378 380 755
a 380 378 755
a 379 416 1023
a 416 379 1023
a 379 436 2717
a 436 379 2717
a 381 437 1437
a 437 381 1437
a 381 438 1299
a 438 381 1299
a 382 438 1439
a 438 382 1439
a 382 439 4012
a 439 382 4012
a 383 386 461
a 386 383 461
a 384 440 934
a 440 384 934
a 384 441 791
a 441 384 791
a 385 440 1125
a 440 385 1125
a 385 442 784
a 442 385 784
a 387 443 850
a 443 387 850
a 389 444 702
a 444 389 702
a 390 445 2889
a 445 390 2889
a 390 446 516
a 446 390 516
a 390 447 2189
a 447 390 2189
a 391 392 353
a 392 391 353
a 391 446 597
a 446 391 597
a 391 448 847
a 448 391 847
a 392 449 1188
a 449 392 1188
a 393 449 1961
a 449 393 1961
a 393 450 847
a 450 393 847
a 394 451 893
a 451 394 893
a 394 452 434
a 452 394 434
a 394 453 245
a 453 394 245
a 395 454 1345
a 454 395 1345
a 395 455 383
a 455 395 383
a 396 456 925
a 456 396 925
a 397 457 948
a 457 397 948
a 397 458 4004
a 458 397 4004
a 398 459 1139
a 459 398 1139
a 399 400 452
a 400 399 452
a 399 460 1220
a 460 399 1220
a 401 461 1030
a 461 401 1030
a 402 462 1981
a 462 402 1981
a 402 463 1673
a 463 402 1673
a 403 463 890
a 463 403 890
a 403 464 935
a 464 403 935
a 405 465 2409
a 465 405 2409
a 406 466 71
a 466 406 71
a 407 467 4586
a 467 407 4586
a 408 468 4598
a 468 408 4598
a 409 469 2545
a 469 409 2545
a 410 469 2255
a 469 410 2255
a 411 413 6082
a 413 411 6082
a 412 470 849
a 470 412 849
a 412 471 3371
a 471 412 3371
a 413 472 424
a 472 413 424
a 413 473 1114
a 473 413 1114
a 414 474 700
a 474 414 700
a 414 475 141
a 475 414 141
a 417 476 3934
a 476 417 3934
a 417 477 1180
a 477 417 1180
a 418 478 2524
a 478 418 2524
a 419 479 1268
a 479 419 1268
a 421 480 1241
a 480 421 1241
a 422 480 1940
a 480 422 1940
a 423 481 1588
a 481 423 1588
a 424 482 748
a 482 424 748
a 424 483 2809
a 483 424 2809
a 425 484 2862
a 484 425 2862
a 425 485 2542
a 485 425 2542
a 426 485 874
a 485 426 874
a 427 486 1442
a 486 427 1442
a 428 486 825
a 486 428 825
a 428 487 933
a 487 428 933
a 431 486 1612
a 486 431 1612
a 431 488 1246
a 488 431 1246
a 432 489 1635
a 489 432 1635
a 432 490 597
a 490 432 597
a 433 434 706
a 434 433 706
a 433 490 1375
a 490 433 1375
a 434 491 1454
a 491 434 1454
a 435 492 503
a 492 435 503
a 435 493 680
a 493 435 680
a 435 494 817
a 494 435 817
a 435 495 804
a 495 435 804
a 436 438 385
a 438 436 385
a 436 496 982
a 496 436 982
a 439 497 83
a 497 439 83
a 439 498 302
a 498 439 302
a 440 499 727
a 499 440 727
a 441 500 1767
a 500 441 1767
a 441 501 829
a 501 441 829
a 442 499 1376
a 499 442 1376
a 442 502 756
a 502 442 756
a 443 503 419
a 503 443 419
a 444 504 1036
a 504 444 1036
a 445 447 2255
a 447 445 2255
a 445 505 247
a 505 445 247
a 446 448 713
a 448 446 713
a 447 506 313
a 506 447 313
a 448 507 1532
a 507 448 1532
a 448 508 746
a 508 448 746
a 449 508 786
a 508 449 786
a 449 509 950
a 509 449 950
a 450 509 2001
a 509 450 2001
a 450 510 1866
a 510 450 1866
a 451 452 847
a 452 451 847
a 451 511 1006
a 511 451 1006
a 451 512 1635
a 512 451 1635
a 451 513 419
a 513 451 419
a 452 514 475
a 514 452 475
a 453 515 29
a 515 453 29
a 453 516 148
a 516 453 148
a 455 517 474
a 517 455 474
a 457 518 2779
a 518 457 2779
a 458 518 1670
a 518 458 1670
a 458 519 1006
a 519 458 1006
a 458 520 1344
a 520 458 1344
a 459 521 1262
a 521 459 1262
a 459 522 2590
a 522 459 2590
a 460 523 1188
a 523 460 1188
a 460 524 2246
a 524 460 2246
a 461 525 474
a 525 461 474
a 462 526 1171
a 526 462 1171
a 462 527 2068
a 527 462 2068
a 463 528 1427
a 528 463 1427
a 463 529 1140
a 529 463 1140
a 464 529 848
a 529 464 848
a 464 530 410
a 530 464 410
a 465 531 3993
a 531 465 3993
a 465 532 308
a 532 465 308
a 466 526 862
a 526 466 862
a 466 533 1475
a 533 466 1475
a 467 534 3674
a 534 467 3674
a 468 535 3331
a 535 468 3331
a 470 536 1489
a 536 470 1489
a 470 537 2620
a 537 470 2620
a 471 538 590
a 538 471 590
a 472 539 377
a 539 472 377
a 472 540 1149
a 540 472 1149
a 473 474 1026
a 474 473 1026
a 473 540 376
a 540 473 376
a 473 541 241
a 541 473 241
a 474 542 129
a 542 474 129
a 475 477 153
a 477 475 153
a 476 543 1907
a 543 476 1907
a 476 544 944
a 544 476 944
a 477 545 1568
a 545 477 1568
a 477 546 679
a 546 477 679
a 478 547 2296
a 547 478 2296
a 478 548 396
a 548 478 396
a 479 548 666
a 548 479 666
a 480 549 1691
a 549 480 1691
a 481 550 976
a 550 481 976
a 481 551 490
a 551 481 490
a 482 552 1396
a 552 482 1396
a 482 553 880
a 553 482 880
a 482 554 371
a 554 482 371
a 484 553 1285
a 553 484 1285
a 485 487 1796
a 487 485 1796
a 487 555 699
a 555 487 699
a 488 556 201
a 556 488 201
a 488 557 749
a 557 488 749
a 489 492 675
a 492 489 675
a 489 517 353
a 517 489 353
a 490 491 515
a 491 490 515
a 490 492 1425
a 492 490 1425
a 492 558 556
a 558 492 556
a 493 495 556
a 495 493 556
a 493 559 3221
a 559 493 3221
a 493 560 1173
a 560 493 1173
a 494 558 786
a 558 494 786
a 494 561 475
a 561 494 475
a 495 562 1014
a 562 495 1014
a 497 563 947
a 563 497 947
a 497 564 497
a 564 497 497
a 498 565 1185
a 565 498 1185
a 498 566 946
a 566 498 946
a 499 500 704
a 500 499 704
a 499 567 868
a 567 499 868
a 500 568 2156
a 568 500 2156
a 500 569 892
a 569 500 892
a 501 569 1701
a 569 501 1701
a 501 570 811
a 570 501 811
a 502 567 1144
a 567 502 1144
a 502 571 572
a 571 502 572
a 503 572 833
a 572 503 833
a 503 573 2164
a 573 503 2164
a 503 574 205
a 574 503 205
a 504 574 333
a 574 504 333
a 505 575 2025
a 575 505 2025
a 505 576 591
a 576 505 591
a 506 577 2501
a 577 506 2501
a 506 578 2483
a 578 506 2483
a 506 579 1502
a 579 506 1502
a 507 508 1277
a 508 507 1277
a 507 580 3113
a 580 507 3113
a 509 581 3281
a 581 509 3281
a 509 582 1457
a 582 509 1457
a 510 514 1593
a 514 510 1593
a 510 583 948
a 583 510 948
a 511 584 4822
a 584 511 4822
a 511 585 950
a 585 511 950
a 511 586 1007
a 586 511 1007
a 512 587 870
a 587 512 870
a 513 588 155
a 588 513 155
a 514 585 902
a 585 514 902
a 515 589 353
a 589 515 353
a 516 590 1032
a 590 516 1032
a 518 591 1100
a 591 518 1100
a 519 591 1100
a 591 519 1100
a 520 592 4019
a 592 520 4019
a 520 593 1334
a 593 520 1334
a 522 594 786
a 594 522 786
a 522 595 893
a 595 522 893
a 523 596 2372
a 596 523 2372
a 523 597 1058
a 597 523 1058
a 524 596 1119
a 596 524 1119
a 524 598 603
a 598 524 603
a 525 599 393
a 599 525 393
a 526 600 1474
a 600 526 1474
a 528 601 547
a 601 528 547
a 529 602 1885
a 602 529 1885
a 530 603 1825
a 603 530 1825
a 530 604 1150
a 604 530 1150
a 531 605 701
a 605 531 701
a 532 606 799
a 606 532 799
a 534 607 1385
a 607 534 1385
a 534 608 368
a 608 534 368
a 534 609 455
a 609 534 455
a 535 608 739
a 608 535 739
a 535 610 301
a 610 535 301
a 535 611 348
a 611 535 348
a 536 537 1132
a 537 536 1132
a 536 612 663
a 612 536 663
a 537 613 192
a 613 537 192
a 538 614 827
a 614 538 827
a 538 615 591
a 615 538 591
a 538 616 782
a 616 538 782
a 539 617 4575
a 617 539 4575
a 539 618 532
a 618 539 532
a 540 619 832
a 619 540 832
a 540 620 800
a 620 540 800
a 542 546 383
a 546 542 383
a 542 621 123
a 621 542 123
a 543 544 1803
a 544 543 1803
a 543 622 1663
a 622 543 1663
a 544 547 2042
a 547 544 2042
a 545 623 834
a 623 545 834
a 545 624 635
a 624 545 635
a 546 620 262
a 620 546 262
a 549 625 8585
a 625 549 8585
a 551 626 1205
a 626 551 1205
a 551 627 1451
a 627 551 1451
a 555 557 1438
a 557 555 1438
a 555 628 822
a 628 555 822
a 556 629 864
a 629 556 864
a 556 630 1099
a 630 556 1099
a 557 631 713
a 631 557 713
a 558 632 597
a 632 558 597
a 558 633 475
a 633 558 475
a 559 634 515
a 634 559 515
a 559 635 847
a 635 559 847
a 559 636 1223
a 636 559 1223
a 560 637 1463
a 637 560 1463
a 560 638 1257
a 638 560 1257
a 561 562 474
a 562 561 474
a 561 639 344
a 639 561 344
a 562 639 353
a 639 562 353
a 562 640 473
a 640 562 473
a 562 641 1119
a 641 562 1119
a 562 642 1653
a 642 562 1653
a 563 566 429
a 566 563 429
a 563 643 1244
a 643 563 1244
a 563 644 1448
a 644 563 1448
a 565 566 742
a 566 565 742
a 565 645 1228
a 645 565 1228
a 565 646 781
a 646 565 781
a 567 647 1036
a 647 567 1036
a 568 647 699
a 647 568 699
a 568 648 706
a 648 568 706
a 568 649 757
a 649 568 757
a 569 649 2587
a 649 569 2587
a 569 650 694
a 650 569 694
a 570 650 1720
a 650 570 1720
a 570 651 773
a 651 570 773
a 571 652 1399
a 652 571 1399
a 572 651 2314
a 651 572 2314
a 572 653 388
a 653 572 388
a 573 653 965
a 653 573 965
a 573 654 2035
a 654 573 2035
a 574 655 959
a 655 574 959
a 575 656 553
a 656 575 553
a 576 657 1323
a 657 576 1323
a 576 658 465
a 658 576 465
a 577 578 924
a 578 577 924
a 577 659 835
a 659 577 835
a 577 660 275
a 660 577 275
a 578 661 2747
a 661 578 2747
a 579 662 1378
a 662 579 1378
a 580 660 680
a 660 580 680
a 580 663 749
a 663 580 749
a 580 664 503
a 664 580 503
a 581 665 434
a 665 581 434
a 581 666 335
a 666 581 335
a 582 667 706
a 667 582 706
a 582 668 3545
a 668 582 3545
a 582 669 846
a 669 582 846
a 583 585 1729
a 585 583 1729
a 583 669 353
a 669 583 353
a 584 670 610
a 670 584 610
a 584 671 937
a 671 584 937
a 585 672 706
a 672 585 706
a 586 668 871
a 668 586 871
a 586 672 1357
a 672 586 1357
a 587 673 4216
a 673 587 4216
a 588 674 181
a 674 588 181
a 589 675 275
a 675 589 275
a 591 676 536
a 676 591 536
a 592 677 1292
a 677 592 1292
a 593 678 640
a 678 593 640
a 593 679 1680
a 679 593 1680
a 595 680 1413
a 680 595 1413
a 595 681 688
a 681 595 688
a 595 682 951
a 682 595 951
a 596 683 1550
a 683 596 1550
a 596 684 1084
a 684 596 1084
a 597 685 276
a 685 597 276
a 599 683 1279
a 683 599 1279
a 600 686 328
a 686 600 328
a 600 687 248
a 687 600 248
a 601 688 1584
a 688 601 1584
a 601 689 102
a 689 601 102
a 601 690 702
a 690 601 702
a 602 603 1113
a 603 602 1113
a 602 691 2552
a 691 602 2552
a 603 692 2603
a 692 603 2603
a 603 693 1161
a 693 603 1161
a 604 693 1876
a 693 604 1876
a 604 694 1113
a 694 604 1113
a 605 695 1073
a 695 605 1073
a 606 696 488
a 696 606 488
a 607 697 706
a 697 607 706
a 608 698 1477
a 698 608 1477
a 609 699 7216
a 699 609 7216
a 610 700 1609
a 700 610 1609
a 610 701 485
a 701 610 485
a 611 702 597
a 702 611 597
a 612 703 645
a 703 612 645
a 612 704 1459
a 704 612 1459
a 612 705 2475
a 705 612 2475
a 613 706 1244
a 706 613 1244
a 614 707 107
a 707 614 107
a 616 708 745
a 708 616 745
a 616 709 1639
a 709 616 1639
a 617 710 976
a 710 617 976
a 617 711 102
a 711 617 102
a 617 712 907
a 712 617 907
a 618 619 603
a 619 618 603
a 618 713 1502
a 713 618 1502
a 619 714 584
a 714 619 584
a 620 621 272
a 621 620 272
a 620 624 987
a 624 620 987
a 622 715 3451
a 715 622 3451
a 623 716 957
a 716 623 957
a 623 717 908
a 717 623 908
a 624 714 209
a 714 624 209
a 624 717 179
a 717 624 179
a 625 718 184
a 718 625 184
a 625 719 12506
a 719 625 12506
a 626 720 376
a 720 626 376
a 626 721 337
a 721 626 337
a 627 720 1816
a 720 627 1816
a 627 722 902
a 722 627 902
a 629 723 1007
a 723 629 1007
a 630 724 662
a 724 630 662
a 630 725 836
a 725 630 836
a 632 726 475
a 726 632 475
a 633 726 597
a 726 633 597
a 634 727 782
a 727 634 782
a 635 636 520
a 636 635 520
a 635 723 2808
a 723 635 2808
a 635 727 762
a 727 635 762
a 636 728 637
a 728 636 637
a 637 729 1542
a 729 637 1542
a 637 730 926
a 730 637 926
a 638 731 1159
a 731 638 1159
a 638 732 1112
a 732 638 1112
a 639 640 222
a 640 639 222
a 639 733 402
a 733 639 402
a 640 734 950
a 734 640 950
a 641 734 550
a 734 641 550
a 641 735 924
a 735 641 924
a 641 736 948
a 736 641 948
a 643 645 908
a 645 643 908
a 643 737 1230
a 737 643 1230
a 644 738 1776
a 738 644 1776
a 644 739 1303
a 739 644 1303
a 644 740 890
a 740 644 890
a 645 741 1177
a 741 645 1177
a 645 742 816
a 742 645 816
a 646 742 1228
a 742 646 1228
a 646 743 756
a 743 646 756
a 646 744 678
a 744 646 678
a 647 745 276
a 745 647 276
a 648 652 1123
a 652 648 1123
a 648 746 990
a 746 648 990
a 648 747 877
a 747 648 877
a 649 748 749
a 748 649 749
a 650 749 2150
a 749 650 2150
a 650 750 845
a 750 650 845
a 651 751 1575
a 751 651 1575
a 651 752 1558
a 752 651 1558
a 652 753 1024
a 753 652 1024
a 654 754 1299
a 754 654 1299
a 654 755 335
a 755 654 335
a 654 756 410
a 756 654 410
a 655 757 2977
a 757 655 2977
a 655 758 2913
a 758 655 2913
a 656 759 240
a 759 656 240
a 656 760 620
a 760 656 620
a 657 662 826
a 662 657 826
a 659 761 6589
a 761 659 6589
a 661 762 289
a 762 661 289
a 661 763 2396
a 763 661 2396
a 663 764 835
a 764 663 835
a 663 765 1900
a 765 663 1900
a 664 665 786
a 665 664 786
a 664 766 2248
a 766 664 2248
a 665 767 905
a 767 665 905
a 666 768 905
a 768 666 905
a 666 769 706
a 769 666 706
a 667 770 763
a 770 667 763
a 667 771 3744
a 771 667 3744
a 668 771 876
a 771 668 876
a 669 772 950
a 772 669 950
a 670 773 1006
a 773 670 1006
a 670 774 788
a 774 670 788
a 671 775 902
a 775 671 902
a 671 776 557
a 776 671 557
a 672 777 452
a 777 672 452
a 673 778 2987
a 778 673 2987
a 674 779 597
a 779 674 597
a 675 678 585
a 678 675 585
a 675 779 983
a 779 675 983
a 675 780 1848
a 780 675 1848
a 676 677 1140
a 677 676 1140
a 676 781 2690
a 781 676 2690
a 677 680 1931
a 680 677 1931
a 677 782 1277
a 782 677 1277
a 678 783 813
a 783 678 813
a 679 784 578
a 784 679 578
a 679 785 1463
a 785 679 1463
a 680 786 788
a 786 680 788
a 681 782 1425
a 782 681 1425
a 681 787 550
a 787 681 550
a 682 788 2029
a 788 682 2029
a 683 733 1084
a 733 683 1084
a 683 734 275
a 734 683 275
a 683 789 1220
a 789 683 1220
a 684 685 2572
a 685 684 2572
a 684 790 749
a 790 684 749
a 685 791 963
a 791 685 963
a 688 792 2159
a 792 688 2159
a 689 793 1156
a 793 689 1156
a 690 794 2696
a 794 690 2696
a 691 692 1024
a 692 691 1024
a 691 795 896
a 795 691 896
a 692 796 1323
a 796 692 1323
a 693 797 1276
a 797 693 1276
a 693 798 1333
a 798 693 1333
a 694 799 651
a 799 694 651
a 694 800 336
a 800 694 336
a 695 699 252
a 699 695 252
a 695 801 5503
a 801 695 5503
a 695 802 673
a 802 695 673
a 695 803 145
a 803 695 145
a 696 804 3434
a 804 696 3434
a 696 805 345
a 805 696 345
a 696 806 2888
a 806 696 2888
a 697 801 3891
a 801 697 3891
a 697 807 6092
a 807 697 6092
a 698 700 704
a 700 698 704
a 698 808 1152
a 808 698 1152
a 700 809 1058
a 809 700 1058
a 700 810 672
a 810 700 672
a 701 810 1248
a 810 701 1248
a 701 811 668
a 811 701 668
a 702 811 1157
a 811 702 1157
a 702 812 488
a 812 702 488
a 703 813 1092
a 813 703 1092
a 703 814 1505
a 814 703 1505
a 703 815 1345
a 815 703 1345
a 706 816 1785
a 816 706 1785
a 706 817 975
a 817 706 975
a 708 818 734
a 818 708 734
a 708 819 1578
a 819 708 1578
a 709 819 798
a 819 709 798
a 709 820 638
a 820 709 638
a 709 821 1279
a 821 709 1279
a 710 818 814
a 818 710 814
a 711 822 789
a 822 711 789
a 711 823 1094
a 823 711 1094
a 712 818 1430
a 818 712 1430
a 712 819 791
a 819 712 791
a 712 824 1580
a 824 712 1580
a 713 825 1505
a 825 713 1505
a 713 826 781
a 826 713 781
a 714 717 220
a 717 714 220
a 715 827 460
a 827 715 460
a 715 828 287
a 828 715 287
a 716 829 1302
a 829 716 1302
a 716 830 1242
a 830 716 1242
a 717 830 676
a 830 717 676
a 718 831 1032
a 831 718 1032
a 718 832 3581
a 832 718 3581
a 719 833 1051
a 833 719 1051
a 720 834 1430
a 834 720 1430
a 721 835 200
a 835 721 200
a 721 836 206
a 836 721 206
a 722 834 2543
a 834 722 2543
a 723 837 1099
a 837 723 1099
a 727 838 838
a 838 727 838
a 728 731 1907
a 731 728 1907
a 728 839 735
a 839 728 735
a 729 840 1004
a 840 729 1004
a 729 841 875
a 841 729 875
a 731 732 926
a 732 731 926
a 732 840 902
a 840 732 902
a 734 842 2005
a 842 734 2005
a 735 843 1374
a 843 735 1374
a 736 843 1767
a 843 736 1767
a 736 844 980
a 844 736 980
a 737 741 685
a 741 737 685
a 737 845 457
a 845 737 457
a 741 846 839
a 846 741 839
a 741 847 539
a 847 741 539
a 742 846 1125
a 846 742 1125
a 742 848 720
a 848 742 720
a 743 848 1178
a 848 743 1178
a 743 849 641
a 849 743 641
a 746 753 1070
a 753 746 1070
a 746 850 811
a 850 746 811
a 747 850 628
a 850 747 628
a 747 851 559
a 851 747 559
a 748 749 724
a 749 748 724
a 748 852 282
a 852 748 282
a 749 853 884
a 853 749 884
a 750 751 192
a 751 750 192
a 750 853 2543
a 853 750 2543
a 750 854 1150
a 854 750 1150
a 751 752 856
a 752 751 856
a 752 755 541
a 755 752 541
a 752 855 894
a 855 752 894
a 753 856 1321
a 856 753 1321
a 753 857 343
a 857 753 343
a 754 858 1491
a 858 754 1491
a 754 859 930
a 859 754 930
a 756 860 359
a 860 756 359
a 756 861 1352
a 861 756 1352
a 757 758 1222
a 758 757 1222
a 757 759 1324
a 759 757 1324
a 758 862 1032
a 862 758 1032
a 759 863 792
a 863 759 792
a 760 864 1821
a 864 760 1821
a 760 865 757
a 865 760 757
a 761 866 829
a 866 761 829
a 761 867 1737
a 867 761 1737
a 762 868 6657
a 868 762 6657
a 764 869 835
a 869 764 835
a 764 870 1268
a 870 764 1268
a 765 766 680
a 766 765 680
a 765 870 846
a 870 765 846
a 765 871 1234
a 871 765 1234
a 766 872 1140
a 872 766 1140
a 769 770 838
a 770 769 838
a 769 873 3889
a 873 769 3889
a 770 874 3744
a 874 770 3744
a 771 875 275
a 875 771 275
a 773 876 763
a 876 773 763
a 773 877 974
a 877 773 974
a 774 875 924
a 875 774 924
a 774 878 2266
a 878 774 2266
a 775 877 713
a 877 775 713
a 775 879 1608
a 879 775 1608
a 775 880 713
a 880 775 713
a 778 881 373
a 881 778 373
a 779 882 1980
a 882 779 1980
a 779 883 1680
a 883 779 1680
a 780 784 647
a 784 780 647
a 780 883 924
a 883 780 924
a 780 884 2288
a 884 780 2288
a 781 786 630
a 786 781 630
a 781 885 849
a 885 781 849
a 782 788 786
a 788 782 786
a 782 886 1188
a 886 782 1188
a 784 887 1338
a 887 784 1338
a 785 884 1531
a 884 785 1531
a 785 888 1772
a 888 785 1772
a 786 889 893
a 889 786 893
a 788 890 763
a 890 788 763
a 789 891 1425
a 891 789 1425
a 790 892 4224
a 892 790 4224
a 790 893 275
a 893 790 275
a 791 894 791
a 894 791 791
a 792 895 824
a 895 792 824
a 793 896 449
a 896 793 449
a 794 897 8362
a 897 794 8362
a 795 898 1488
a 898 795 1488
a 795 899 1869
a 899 795 1869
a 796 900 1399
a 900 796 1399
a 796 901 3451
a 901 796 3451
a 796 902 1393
a 902 796 1393
a 797 903 947
a 903 797 947
a 797 904 845
a 904 797 845
a 798 800 1412
a 800 798 1412
a 798 905 1128
a 905 798 1128
a 800 906 728
a 906 800 728
a 801 807 4556
a 807 801 4556
a 801 907 1410
a 907 801 1410
a 802 908 152
a 908 802 152
a 803 909 1465
a 909 803 1465
a 804 909 1436
a 909 804 1436
a 805 910 495
a 910 805 495
a 806 911 793
a 911 806 793
a 807 912 963
a 912 807 963
a 808 913 1064
a 913 808 1064
a 808 914 271
a 914 808 271
a 809 915 1083
a 915 809 1083
a 809 916 674
a 916 809 674
a 810 811 1204
a 811 810 1204
a 810 916 1051
a 916 810 1051
a 810 917 1162
a 917 810 1162
a 810 918 645
a 918 810 645
a 812 919 1264
a 919 812 1264
a 812 920 732
a 920 812 732
a 813 921 1679
a 921 813 1679
a 813 922 892
a 922 813 892
a 813 923 1521
a 923 813 1521
a 816 924 1481
a 924 816 1481
a 816 925 615
a 925 816 615
a 819 926 1382
a 926 819 1382
a 820 927 973
a 927 820 973
a 820 928 824
a 928 820 824
a 820 929 1269
a 929 820 1269
a 821 926 804
a 926 821 804
a 821 929 545
a 929 821 545
a 822 930 547
a 930 822 547
a 823 931 811
a 931 823 811
a 823 932 734
a 932 823 734
a 824 926 742
a 926 824 742
a 824 932 845
a 932 824 845
a 825 931 844
a 931 825 844
a 825 933 646
a 933 825 646
a 825 934 781
a 934 825 781
a 826 934 1788
a 934 826 1788
a 826 935 798
a 935 826 798
a 827 828 455
a 828 827 455
a 827 936 3147
a 936 827 3147
a 828 937 1151
a 937 828 1151
a 829 938 399
a 938 829 399
a 830 935 590
a 935 830 590
a 831 939 451
a 939 831 451
a 832 940 599
a 940 832 599
a 833 941 1296
a 941 833 1296
a 837 942 1550
a 942 837 1550
a 841 943 1111
a 943 841 1111
a 841 944 649
a 944 841 649
a 841 945 1565
a 945 841 1565
a 842 946 3795
a 946 842 3795
a 843 947 847
a 947 843 847
a 844 948 2690
a 948 844 2690
a 844 949 706
a 949 844 706
a 845 950 1819
a 950 845 1819
a 846 951 540
a 951 846 540
a 847 952 850
a 952 847 850
a 848 857 797
a 857 848 797
a 850 953 1213
a 953 850 1213
a 851 953 786
a 953 851 786
a 853 954 1329
a 954 853 1329
a 854 955 545
a 955 854 545
a 854 956 556
a 956 854 556
a 855 859 459
a 859 855 459
a 856 957 2429
a 957 856 2429
a 856 958 398
a 958 856 398
a 856 959 1188
a 959 856 1188
a 857 958 1275
a 958 857 1275
a 858 960 1265
a 960 858 1265
a 858 961 884
a 961 858 884
a 859 956 308
a 956 859 308
a 859 961 1435
a 961 859 1435
a 860 962 1806
a 962 860 1806
a 863 963 2392
a 963 863 2392
a 863 964 1367
a 964 863 1367
a 864 965 456
a 965 864 456
a 864 966 1165
a 966 864 1165
a 866 867 1505
a 867 866 1505
a 866 967 2532
a 967 866 2532
a 866 968 1178
a 968 866 1178
a 867 969 2641
a 969 867 2641
a 868 970 4426
a 970 868 4426
a 868 971 1407
a 971 868 1407
a 869 972 688
a 972 869 688
a 869 973 2595
a 973 869 2595
a 870 972 680
a 972 870 680
a 870 974 1248
a 974 870 1248
a 871 872 787
a 872 871 787
a 871 974 763
a 974 871 763
a 871 975 796
a 975 871 796
a 872 976 1095
a 976 872 1095
a 873 874 680
a 874 873 680
a 873 976 1425
a 976 873 1425
a 874 875 503
a 875 874 503
a 876 877 688
a 877 876 688
a 876 878 672
a 878 876 672
a 876 977 1710
a 977 876 1710
a 877 978 1627
a 978 877 1627
a 878 975 1775
a 975 878 1775
a 878 976 893
a 976 878 893
a 879 979 1817
a 979 879 1817
a 879 980 713
a 980 879 713
a 880 980 1608
a 980 880 1608
a 881 981 671
a 981 881 671
a 882 982 1880
a 982 882 1880
a 882 983 1597
a 983 882 1597
a 883 982 1919
a 982 883 1919
a 883 984 2525
a 984 883 2525
a 884 984 1119
a 984 884 1119
a 884 985 1479
a 985 884 1479
a 886 986 1343
a 986 886 1343
a 886 987 1830
a 987 886 1830
a 886 988 1382
a 988 886 1382
a 888 985 1356
a 985 888 1356
a 888 986 1257
a 986 888 1257
a 888 987 1077
a 987 888 1077
a 890 988 924
a 988 890 924
a 890 989 1334
a 989 890 1334
a 891 946 3161
a 946 891 3161
a 892 894 671
a 894 892 671
a 892 989 2034
a 989 892 2034
a 895 990 2858
a 990 895 2858
a 896 991 972
a 991 896 972
a 897 992 1736
a 992 897 1736
a 898 993 4926
a 993 898 4926
a 898 994 659
a 994 898 659
a 899 900 418
a 900 899 418
a 899 995 3454
a 995 899 3454
a 900 996 833
a 996 900 833
a 901 997 1198
a 997 901 1198
a 901 998 1140
a 998 901 1140
a 902 903 508
a 903 902 508
a 902 997 2255
a 997 902 2255
a 903 904 1438
a 904 903 1438
a 904 905 734
a 905 904 734
a 905 997 1737
a 997 905 1737
a 907 999 361
a 999 907 361
a 907 1000 2697
a 1000 907 2697
a 908 1001 1973
a 1001 908 1973
a 910 1002 1966
a 1002 910 1966
a 910 1003 4698
a 1003 910 4698
a 911 1004 551
a 1004 911 551
a 912 1000 1403
a 1000 912 1403
a 912 1005 961
a 1005 912 961
a 913 1006 816
a 1006 913 816
a 915 1007 810
a 1007 915 810
a 915 1008 676
a 1008 915 676
a 916 1008 1095
a 1008 916 1095
a 917 1009 465
a 1009 917 465
a 917 1010 1024
a 1010 917 1024
a 918 919 1058
a 919 918 1058
a 918 1009 1131
a 1009 918 1131
a 918 1011 721
a 1011 918 721
a 918 1012 1355
a 1012 918 1355
a 919 1013 721
a 1013 919 721
a 920 1013 1268
a 1013 920 1268
a 920 1014 693
a 1014 920 693
a 921 1015 919
a 1015 921 919
a 924 1016 968
a 1016 924 968
a 924 1017 1582
a 1017 924 1582
a 925 1018 93
a 1018 925 93
a 925 1019 1290
a 1019 925 1290
a 926 1020 796
a 1020 926 796
a 927 1021 794
a 1021 927 794
a 927 1022 1572
a 1022 927 1572
a 928 1023 738
a 1023 928 738
a 928 1024 1280
a 1024 928 1280
a 929 1024 789
a 1024 929 789
a 929 1025 501
a 1025 929 501
a 930 931 633
a 931 930 633
a 930 933 843
a 933 930 843
a 932 934 1602
a 934 932 1602
a 932 1026 786
a 1026 932 786
a 934 1027 800
a 1027 934 800
a 935 938 1615
a 938 935 1615
a 935 1027 1980
a 1027 935 1980
a 936 1019 976
a 1019 936 976
a 936 1028 935
a 1028 936 935
a 937 1020 772
a 1020 937 772
a 937 1029 1595
a 1029 937 1595
a 938 1030 608
a 1030 938 608
a 939 1031 3844
a 1031 939 3844
a 941 1032 9171
a 1032 941 9171
a 942 1033 12712
a 1033 942 12712
a 944 1034 1161
a 1034 944 1161
a 944 1035 475
a 1035 944 475
a 946 1036 603
a 1036 946 603
a 947 948 867
a 948 947 867
a 947 1037 3166
a 1037 947 3166
a 948 1038 580
a 1038 948 580
a 950 1039 37
a 1039 950 37
a 950 1040 912
a 1040 950 912
a 951 1041 953
a 1041 951 953
a 952 1041 707
a 1041 952 707
a 953 954 235
a 954 953 235
a 954 1042 1370
a 1042 954 1370
a 955 1043 867
a 1043 955 867
a 957 1044 980
a 1044 957 980
a 958 1045 672
a 1045 958 672
a 959 1046 1139
a 1046 959 1139
a 960 1047 254
a 1047 960 254
a 960 1048 1638
a 1048 960 1638
a 961 1043 795
a 1043 961 795
a 961 1049 1302
a 1049 961 1302
a 962 964 1687
a 964 962 1687
a 962 1050 2343
a 1050 962 2343
a 963 965 961
a 965 963 961
a 963 1051 502
a 1051 963 502
a 965 1052 245
a 1052 965 245
a 967 1053 257
a 1053 967 257
a 967 1054 1140
a 1054 967 1140
a 968 1054 1106
a 1054 968 1106
a 970 1055 3196
a 1055 970 3196
a 970 1056 3881
a 1056 970 3881
a 971 1056 1905
a 1056 971 1905
a 971 1057 602
a 1057 971 602
a 972 1058 688
a 1058 972 688
a 973 1059 557
a 1059 973 557
a 973 1060 1941
a 1060 973 1941
a 974 1060 680
a 1060 974 680
a 974 1061 782
a 1061 974 782
a 975 977 796
a 977 975 796
a 975 1061 846
a 1061 975 846
a 977 978 713
a 978 977 713
a 977 1062 1525
a 1062 977 1525
a 978 1063 1692
a 1063 978 1692
a 979 1063 1139
a 1063 979 1139
a 979 1064 1090
a 1064 979 1090
a 979 1065 688
a 1065 979 688
a 980 1065 1898
a 1065 980 1898
a 980 1066 688
a 1066 980 688
a 981 1067 419
a 1067 981 419
a 981 1068 445
a 1068 981 445
