c In this file, the DIMACS format is extended by allowing arcs of infinite weight.
c These are specified by "a U V inf", where U and V are vertex IDs.
p sp 335 844
a 1 2 743
a 2 1 743
a 1 3 710
a 3 1 710
a 1 4 2502
a 4 1 2502
a 2 5 720
a 5 2 720
a 2 6 351
a 6 2 351
a 2 7 2411
a 7 2 2411
a 3 8 875
a 8 3 875
a 3 9 2858
a 9 3 2858
a 4 9 898
a 9 4 898
a 4 10 594
a 10 4 594
a 4 11 517
a 11 4 517
a 5 10 2259
a 10 5 2259
a 5 12 986
a 12 5 986
a 5 13 1597
a 13 5 1597
a 6 14 585
a 14 6 585
a 6 15 2485
a 15 6 2485
a 7 15 562
a 15 7 562
a 7 16 382
a 16 7 382
a 7 17 374
a 17 7 374
a 8 17 349
a 17 8 349
a 8 18 3402
a 18 8 3402
a 10 19 513
a 19 10 513
a 11 20 571
a 20 11 571
a 11 21 598
a 21 11 598
a 12 22 851
a 22 12 851
a 14 23 702
a 23 14 702
a 15 24 808
a 24 15 808
a 15 25 306
a 25 15 306
a 16 26 1083
a 26 16 1083
a 17 27 391
a 27 17 391
a 17 28 3427
a 28 17 3427
a 19 29 15
a 29 19 15
a 19 30 107
a 30 19 107
a 20 31 359
a 31 20 359
a 20 32 789
a 32 20 789
a 21 33 700
a 33 21 700
a 21 34 181
a 34 21 181
a 22 35 2036
a 35 22 2036
a 22 36 3109
a 36 22 3109
a 23 37 332
a 37 23 332
a 24 38 806
a 38 24 806
a 24 39 511
a 39 24 511
a 26 40 116
a 40 26 116
a 27 41 191
a 41 27 191
a 29 30 110
a 30 29 110
a 29 42 761
a 42 29 761
a 29 43 422
a 43 29 422
a 30 44 1575
a 44 30 1575
a 31 45 221
a 45 31 221
a 32 34 598
a 34 32 598
a 32 46 1020
a 46 32 1020
a 33 47 312
a 47 33 312
a 33 48 791
a 48 33 791
a 34 49 595
a 49 34 595
a 35 50 954
a 50 35 954
a 35 51 426
a 51 35 426
a 36 52 371
a 52 36 371
a 37 53 982
a 53 37 982
a 38 54 953
a 54 38 953
a 41 55 957
a 55 41 957
a 42 56 1576
a 56 42 1576
a 44 56 760
a 56 44 760
a 45 57 1758
a 57 45 1758
a 46 58 271
a 58 46 271
a 48 49 715
a 49 48 715
a 48 59 400
a 59 48 400
a 49 60 477
a 60 49 477
a 50 61 403
a 61 50 403
a 51 57 1083
a 57 51 1083
a 52 62 1131
a 62 52 1131
a 52 63 502
a 63 52 502
a 53 64 276
a 64 53 276
a 53 65 213
a 65 53 213
a 54 64 325
a 64 54 325
a 55 66 196
a 66 55 196
a 56 67 1134
a 67 56 1134
a 58 68 3778
a 68 58 3778
a 58 69 490
a 69 58 490
a 58 70 594
a 70 58 594
a 59 71 1113
a 71 59 1113
a 59 72 450
a 72 59 450
a 60 70 283
a 70 60 283
a 64 73 439
a 73 64 439
a 64 74 431
a 74 64 431
a 66 75 856
a 75 66 856
a 68 76 277
a 76 68 277
a 69 77 3722
a 77 69 3722
a 70 78 43
a 78 70 43
a 72 79 1130
a 79 72 1130
a 73 74 86
a 74 73 86
a 73 80 738
a 80 73 738
a 74 81 690
a 81 74 690
a 75 82 693
a 82 75 693
a 76 83 310
a 83 76 310
a 77 84 382
a 84 77 382
a 78 85 1630
a 85 78 1630
a 78 86 464
a 86 78 464
a 80 87 931
a 87 80 931
a 80 88 136
a 88 80 136
a 80 89 377
a 89 80 377
a 81 89 306
a 89 81 306
a 82 90 226
a 90 82 226
a 84 91 308
a 91 84 308
a 86 92 461
a 92 86 461
a 87 93 579
a 93 87 579
a 87 94 722
a 94 87 722
a 87 95 628
a 95 87 628
a 88 94 1201
a 94 88 1201
a 89 95 771
a 95 89 771
a 89 96 837
a 96 89 837
a 90 97 845
a 97 90 845
a 92 98 351
a 98 92 351
a 92 99 4881
a 99 92 4881
a 93 100 193
a 100 93 193
a 93 101 766
a 101 93 766
a 93 102 772
a 102 93 772
a 94 101 533
a 101 94 533
a 95 102 589
a 102 95 589
a 99 103 548
a 103 99 548
a 100 104 831
a 104 100 831
a 100 105 3495
a 105 100 3495
a 101 104 275
a 104 101 275
a 102 106 3486
a 106 102 3486
a 103 107 5454
a 107 103 5454
a 104 108 2888
a 108 104 2888
a 105 109 1582
a 109 105 1582
a 105 110 925
a 110 105 925
a 105 111 903
a 111 105 903
a 106 111 324
a 111 106 324
a 106 112 887
a 112 106 887
a 107 113 1206
a 113 107 1206
a 107 114 1556
a 114 107 1556
a 108 110 803
a 110 108 803
a 108 115 102
a 115 108 102
a 109 116 1044
a 116 109 1044
a 109 117 1126
a 117 109 1126
a 110 116 1125
a 116 110 1125
a 111 117 2106
a 117 111 2106
a 112 118 1753
a 118 112 1753
a 112 119 1409
a 119 112 1409
a 113 120 3137
a 120 113 3137
a 113 121 495
a 121 113 495
a 114 122 657
a 122 114 657
a 114 123 617
a 123 114 617
a 117 118 1158
a 118 117 1158
a 118 124 984
a 124 118 984
a 118 125 935
a 125 118 935
a 119 125 1300
a 125 119 1300
a 119 126 950
a 126 119 950
a 119 127 285
a 127 119 285
a 121 128 2511
a 128 121 2511
a 122 129 2463
a 129 122 2463
a 122 130 2797
a 130 122 2797
a 122 131 843
a 131 122 843
a 124 132 1260
a 132 124 1260
a 124 133 602
a 133 124 602
a 125 134 942
a 134 125 942
a 126 134 1032
a 134 126 1032
a 126 135 1505
a 135 126 1505
a 127 136 1269
a 136 127 1269
a 127 137 974
a 137 127 974
a 127 138 524
a 138 127 524
a 128 139 547
a 139 128 547
a 128 140 703
a 140 128 703
a 128 141 2589
a 141 128 2589
a 129 142 952
a 142 129 952
a 129 143 1833
a 143 129 1833
a 130 144 2090
a 144 130 2090
a 130 145 690
a 145 130 690
a 132 146 209
a 146 132 209
a 132 147 512
a 147 132 512
a 133 148 863
a 148 133 863
a 134 148 801
a 148 134 801
a 134 149 1626
a 149 134 1626
a 135 149 833
a 149 135 833
a 135 150 2922
a 150 135 2922
a 135 151 1121
a 151 135 1121
a 137 150 2185
a 150 137 2185
a 138 152 184
a 152 138 184
a 139 153 761
a 153 139 761
a 139 154 867
a 154 139 867
a 139 155 438
a 155 139 438
a 140 156 456
a 156 140 456
a 140 157 764
a 157 140 764
a 141 158 1019
a 158 141 1019
a 141 159 116
a 159 141 116
a 142 160 1863
a 160 142 1863
a 143 144 6852
a 144 143 6852
a 143 160 727
a 160 143 727
a 144 161 1013
a 161 144 1013
a 145 162 1183
a 162 145 1183
a 145 163 838
a 163 145 838
a 146 164 53
a 164 146 53
a 146 165 509
a 165 146 509
a 147 148 749
a 148 147 749
a 147 165 205
a 165 147 205
a 147 166 1330
a 166 147 1330
a 148 167 1565
a 167 148 1565
a 149 167 705
a 167 149 705
a 149 168 1199
a 168 149 1199
a 150 169 1251
a 169 150 1251
a 150 170 1295
a 170 150 1295
a 152 169 3342
a 169 152 3342
a 152 171 413
a 171 152 413
a 153 172 392
a 172 153 392
a 153 173 897
a 173 153 897
a 154 174 615
a 174 154 615
a 155 156 353
a 156 155 353
a 156 173 769
a 173 156 769
a 156 175 660
a 175 156 660
a 157 158 1209
a 158 157 1209
a 157 176 200
a 176 157 200
a 157 177 616
a 177 157 616
a 158 178 1973
a 178 158 1973
a 159 179 1088
a 179 159 1088
a 159 180 1979
a 180 159 1979
a 160 181 1206
a 181 160 1206
a 161 182 932
a 182 161 932
a 161 183 309
a 183 161 309
a 164 184 561
a 184 164 561
a 165 185 42
a 185 165 42
a 165 186 1303
a 186 165 1303
a 166 167 761
a 167 166 761
a 166 186 528
a 186 166 528
a 166 187 962
a 187 166 962
a 167 188 1114
a 188 167 1114
a 169 189 239
a 189 169 239
a 169 190 631
a 190 169 631
a 171 189 2784
a 189 171 2784
a 171 191 1249
a 191 171 1249
a 171 192 3120
a 192 171 3120
a 172 193 2054
a 193 172 2054
a 172 194 503
a 194 172 503
a 172 195 1292
a 195 172 1292
a 173 196 1326
a 196 173 1326
a 174 197 636
a 197 174 636
a 174 198 518
a 198 174 518
a 175 176 193
a 176 175 193
a 176 199 697
a 199 176 697
a 177 199 340
a 199 177 340
a 177 200 1164
a 200 177 1164
a 178 201 463
a 201 178 463
a 178 202 110
a 202 178 110
a 179 203 619
a 203 179 619
a 179 204 2001
a 204 179 2001
a 180 205 111
a 205 180 111
a 180 206 485
a 206 180 485
a 181 203 1061
a 203 181 1061
a 181 207 1545
a 207 181 1545
a 182 208 9894
a 208 182 9894
a 184 185 214
a 185 184 214
a 184 209 690
a 209 184 690
a 186 210 86
a 210 186 86
a 189 211 1736
a 211 189 1736
a 192 211 806
a 211 192 806
a 192 212 1092
a 212 192 1092
a 192 213 599
a 213 192 599
a 193 214 2323
a 214 193 2323
a 194 214 223
a 214 194 223
a 194 215 967
a 215 194 967
a 196 199 276
a 199 196 276
a 196 216 892
a 216 196 892
a 199 216 871
a 216 199 871
a 200 216 229
a 216 200 229
a 200 217 245
a 217 200 245
a 201 205 544
a 205 201 544
a 201 218 755
a 218 201 755
a 202 217 1145
a 217 202 1145
a 202 219 756
a 219 202 756
a 203 220 555
a 220 203 555
a 203 221 2005
a 221 203 2005
a 204 206 649
a 206 204 649
a 204 221 504
a 221 204 504
a 204 222 756
a 222 204 756
a 205 223 732
a 223 205 732
a 206 224 709
a 224 206 709
a 208 225 364
a 225 208 364
a 208 226 1027
a 226 208 1027
a 209 227 530
a 227 209 530
a 210 228 106
a 228 210 106
a 210 229 819
a 229 210 819
a 211 230 375
a 230 211 375
a 211 231 1332
a 231 211 1332
a 213 232 1092
a 232 213 1092
a 213 233 464
a 233 213 464
a 215 234 2098
a 234 215 2098
a 217 235 274
a 235 217 274
a 217 236 1437
a 236 217 1437
a 218 219 568
a 219 218 568
a 218 237 716
a 237 218 716
a 218 238 388
a 238 218 388
a 219 239 750
a 239 219 750
a 220 221 2125
a 221 220 2125
a 220 225 1042
a 225 220 1042
a 221 240 715
a 240 221 715
a 222 224 625
a 224 222 625
a 222 240 510
a 240 222 510
a 222 241 445
a 241 222 445
a 223 224 608
a 224 223 608
a 223 238 168
a 238 223 168
a 225 242 1020
a 242 225 1020
a 226 242 405
a 242 226 405
a 226 243 882
a 243 226 882
a 227 228 752
a 228 227 752
a 227 244 266
a 244 227 266
a 229 245 2232
a 245 229 2232
a 230 246 160
a 246 230 160
a 232 247 381
a 247 232 381
a 233 248 1012
a 248 233 1012
a 233 249 394
a 249 233 394
a 234 235 353
a 235 234 353
a 234 250 5267
a 250 234 5267
a 234 251 661
a 251 234 661
a 235 252 700
a 252 235 700
a 236 239 857
a 239 236 857
a 236 253 2342
a 253 236 2342
a 237 254 1834
a 254 237 1834
a 237 255 712
a 255 237 712
a 237 256 1799
a 256 237 1799
a 238 257 169
a 257 238 169
a 239 255 156
a 255 239 156
a 240 258 497
a 258 240 497
a 241 256 306
a 256 241 306
a 241 259 578
a 259 241 578
a 242 260 923
a 260 242 923
a 243 260 413
a 260 243 413
a 243 261 5105
a 261 243 5105
a 244 245 3465
a 245 244 3465
a 246 262 90
a 262 246 90
a 249 263 1051
a 263 249 1051
a 249 264 99
a 264 249 99
a 249 265 159
a 265 249 159
a 253 266 360
a 266 253 360
a 253 267 948
a 267 253 948
a 254 268 421
a 268 254 421
a 254 269 770
a 269 254 770
a 255 269 1836
a 269 255 1836
a 256 270 1373
a 270 256 1373
a 260 271 3860
a 271 260 3860
a 262 272 141
a 272 262 141
a 265 273 306
a 273 265 306
a 266 274 1309
a 274 266 1309
a 266 275 1198
a 275 266 1198
a 267 269 549
a 269 267 549
a 267 276 789
a 276 267 789
a 268 276 180
a 276 268 180
a 268 277 1770
a 277 268 1770
a 270 277 854
a 277 270 854
a 270 278 1352
a 278 270 1352
a 271 279 1114
a 279 271 1114
a 271 280 342
a 280 271 342
a 273 281 38
a 281 273 38
a 274 282 475
a 282 274 475
a 274 283 457
a 283 274 457
a 274 284 589
a 284 274 589
a 276 282 519
a 282 276 519
a 277 278 1065
a 278 277 1065
a 277 285 928
a 285 277 928
a 278 280 279
a 280 278 279
a 279 285 1661
a 285 279 1661
a 279 286 688
a 286 279 688
a 280 287 1257
a 287 280 1257
a 281 288 555
a 288 281 555
a 282 285 1782
a 285 282 1782
a 283 284 456
a 284 283 456
a 283 289 648
a 289 283 648
a 284 290 772
a 290 284 772
a 286 291 11948
a 291 286 11948
a 288 292 579
a 292 288 579
a 288 293 96
a 293 288 96
a 289 294 1117
a 294 289 1117
a 289 295 960
a 295 289 960
a 290 295 811
a 295 290 811
a 290 296 936
a 296 290 936
a 291 297 2801
a 297 291 2801
a 292 298 888
a 298 292 888
a 293 299 87
a 299 293 87
a 294 295 1009
a 295 294 1009
a 294 300 6211
a 300 294 6211
a 295 301 1021
a 301 295 1021
a 296 302 3119
a 302 296 3119
a 297 303 332
a 303 297 332
a 297 304 473
a 304 297 473
a 299 305 586
a 305 299 586
a 300 306 8765
a 306 300 8765
a 301 307 589
a 307 301 589
a 302 308 272
a 308 302 272
a 302 309 1536
a 309 302 1536
a 303 310 3502
a 310 303 3502
a 303 311 456
a 311 303 456
a 304 311 110
a 311 304 110
a 304 312 1967
a 312 304 1967
a 306 313 4309
a 313 306 4309
a 307 308 2739
a 308 307 2739
a 308 314 1620
a 314 308 1620
a 309 314 369
a 314 309 369
a 309 315 1895
a 315 309 1895
a 310 316 1666
a 316 310 1666
a 310 317 1109
a 317 310 1109
a 311 318 1559
a 318 311 1559
a 311 319 669
a 319 311 669
a 313 320 2524
a 320 313 2524
a 313 321 15987
a 321 313 15987
a 313 322 196
a 322 313 196
a 314 323 1894
a 323 314 1894
a 315 317 3430
a 317 315 3430
a 315 323 368
a 323 315 368
a 316 317 1436
a 317 316 1436
a 316 324 684
a 324 316 684
a 316 325 1324
a 325 316 1324
a 318 326 2208
a 326 318 2208
a 318 327 437
a 327 318 437
a 318 328 702
a 328 318 702
a 319 328 1546
a 328 319 1546
a 319 329 775
a 329 319 775
a 319 330 2004
a 330 319 2004
a 320 331 8281
a 331 320 8281
a 321 332 702
a 332 321 702
a 324 325 1364
a 325 324 1364
a 324 333 392
a 333 324 392
a 325 334 337
a 334 325 337
a 326 335 702
a 335 326 702
