c In this file, the DIMACS format is extended by allowing arcs of infinite weight.
c These are specified by "a U V inf", where U and V are vertex IDs.
p sp 419 938
a 1 2 3181
a 2 1 3181
a 1 3 3377
a 3 1 3377
a 1 4 4297
a 4 1 4297
a 2 5 2878
a 5 2 2878
a 2 6 2697
a 6 2 2697
a 3 7 11353
a 7 3 11353
a 3 8 1277
a 8 3 1277
a 3 9 3028
a 9 3 3028
a 4 10 1380
a 10 4 1380
a 4 11 1004
a 11 4 1004
a 5 12 6658
a 12 5 6658
a 5 13 2203
a 13 5 2203
a 7 14 4837
a 14 7 4837
a 7 15 1109
a 15 7 1109
a 8 16 3590
a 16 8 3590
a 9 17 3591
a 17 9 3591
a 9 18 1248
a 18 9 1248
a 10 19 2662
a 19 10 2662
a 12 20 1296
a 20 12 1296
a 12 21 3652
a 21 12 3652
a 14 22 4531
a 22 14 4531
a 14 23 1183
a 23 14 1183
a 15 24 2517
a 24 15 2517
a 16 25 5465
a 25 16 5465
a 16 26 373
a 26 16 373
a 17 27 637
a 27 17 637
a 19 28 2007
a 28 19 2007
a 19 29 1901
a 29 19 1901
a 20 30 610
a 30 20 610
a 22 31 1721
a 31 22 1721
a 22 32 2634
a 32 22 2634
a 23 33 941
a 33 23 941
a 25 34 2882
a 34 25 2882
a 25 35 2295
a 35 25 2295
a 26 36 5388
a 36 26 5388
a 26 37 2196
a 37 26 2196
a 27 28 1853
a 28 27 1853
a 27 38 4030
a 38 27 4030
a 28 39 2628
a 39 28 2628
a 29 40 2004
a 40 29 2004
a 29 41 1337
a 41 29 1337
a 30 42 3099
a 42 30 3099
a 30 43 950
a 43 30 950
a 33 44 1315
a 44 33 1315
a 33 45 2070
a 45 33 2070
a 34 46 2773
a 46 34 2773
a 34 47 3536
a 47 34 3536
a 35 48 2046
a 48 35 2046
a 35 49 3424
a 49 35 3424
a 36 50 105
a 50 36 105
a 36 51 71
a 51 36 71
a 37 52 1421
a 52 37 1421
a 37 53 1483
a 53 37 1483
a 38 54 1768
a 54 38 1768
a 38 55 2028
a 55 38 2028
a 39 56 3296
a 56 39 3296
a 39 57 2477
a 57 39 2477
a 40 58 1543
a 58 40 1543
a 41 59 2348
a 59 41 2348
a 42 60 556
a 60 42 556
a 42 61 893
a 61 42 893
a 43 61 2853
a 61 43 2853
a 43 62 649
a 62 43 649
a 44 63 1873
a 63 44 1873
a 44 64 3613
a 64 44 3613
a 47 65 475
a 65 47 475
a 47 66 3610
a 66 47 3610
a 48 52 2126
a 52 48 2126
a 48 67 1858
a 67 48 1858
a 49 68 791
a 68 49 791
a 50 69 2850
a 69 50 2850
a 51 70 1541
a 70 51 1541
a 52 71 2126
a 71 52 2126
a 56 72 3799
a 72 56 3799
a 56 73 3853
a 73 56 3853
a 58 74 2118
a 74 58 2118
a 59 75 2514
a 75 59 2514
a 60 76 8451
a 76 60 8451
a 61 77 1114
a 77 61 1114
a 61 78 2367
a 78 61 2367
a 62 77 2525
a 77 62 2525
a 62 79 1357
a 79 62 1357
a 63 80 3280
a 80 63 3280
a 63 81 605
a 81 63 605
a 64 82 3637
a 82 64 3637
a 64 83 1770
a 83 64 1770
a 65 84 517
a 84 65 517
a 65 85 2956
a 85 65 2956
a 66 86 4891
a 86 66 4891
a 67 68 657
a 68 67 657
a 68 87 884
a 87 68 884
a 69 71 1871
a 71 69 1871
a 69 88 2003
a 88 69 2003
a 72 89 925
a 89 72 925
a 72 90 3851
a 90 72 3851
a 73 91 403
a 91 73 403
a 73 92 836
a 92 73 836
a 74 75 1696
a 75 74 1696
a 77 93 967
a 93 77 967
a 77 94 2977
a 94 77 2977
a 79 95 2030
a 95 79 2030
a 79 96 2666
a 96 79 2666
a 79 97 1962
a 97 79 1962
a 80 98 2490
a 98 80 2490
a 80 99 4547
a 99 80 4547
a 81 100 1212
a 100 81 1212
a 81 101 1267
a 101 81 1267
a 82 98 2643
a 98 82 2643
a 83 102 2744
a 102 83 2744
a 83 103 963
a 103 83 963
a 84 104 1357
a 104 84 1357
a 84 105 3152
a 105 84 3152
a 85 106 3720
a 106 85 3720
a 85 107 2219
a 107 85 2219
a 86 108 1605
a 108 86 1605
a 88 109 537
a 109 88 537
a 88 110 3689
a 110 88 3689
a 89 111 1434
a 111 89 1434
a 92 112 1797
a 112 92 1797
a 93 95 147
a 95 93 147
a 93 113 2189
a 113 93 2189
a 95 114 2402
a 114 95 2402
a 96 115 827
a 115 96 827
a 96 116 1345
a 116 96 1345
a 96 117 944
a 117 96 944
a 97 118 827
a 118 97 827
a 99 119 2664
a 119 99 2664
a 99 120 3994
a 120 99 3994
a 100 121 1903
a 121 100 1903
a 101 122 209
a 122 101 209
a 102 123 2811
a 123 102 2811
a 102 124 2656
a 124 102 2656
a 103 125 709
a 125 103 709
a 103 126 3038
a 126 103 3038
a 106 127 1364
a 127 106 1364
a 106 128 3589
a 128 106 3589
a 108 129 4296
a 129 108 4296
a 109 130 1885
a 130 109 1885
a 109 131 4636
a 131 109 4636
a 110 132 1672
a 132 110 1672
a 110 133 1161
a 133 110 1161
a 111 134 682
a 134 111 682
a 111 135 2240
a 135 111 2240
a 112 136 1085
a 136 112 1085
a 112 137 2040
a 137 112 2040
a 113 138 215
a 138 113 215
a 113 139 525
a 139 113 525
a 114 140 1062
a 140 114 1062
a 115 141 924
a 141 115 924
a 115 142 605
a 142 115 605
a 117 143 514
a 143 117 514
a 118 144 504
a 144 118 504
a 118 145 1454
a 145 118 1454
a 119 146 1229
a 146 119 1229
a 120 146 1076
a 146 120 1076
a 121 147 2196
a 147 121 2196
a 121 148 2835
a 148 121 2835
a 123 149 961
a 149 123 961
a 123 150 1485
a 150 123 1485
a 125 151 3716
a 151 125 3716
a 125 152 2605
a 152 125 2605
a 126 153 2809
a 153 126 2809
a 126 154 2245
a 154 126 2245
a 127 155 1226
a 155 127 1226
a 127 156 1836
a 156 127 1836
a 128 157 7287
a 157 128 7287
a 128 158 2814
a 158 128 2814
a 129 159 1245
a 159 129 1245
a 129 160 1349
a 160 129 1349
a 130 131 4976
a 131 130 4976
a 130 161 1932
a 161 130 1932
a 134 162 1161
a 162 134 1161
a 134 163 925
a 163 134 925
a 134 164 976
a 164 134 976
a 135 165 551
a 165 135 551
a 137 166 1148
a 166 137 1148
a 140 167 3068
a 167 140 3068
a 140 168 1485
a 168 140 1485
a 141 169 2148
a 169 141 2148
a 141 170 344
a 170 141 344
a 142 171 905
a 171 142 905
a 142 172 629
a 172 142 629
a 143 173 905
a 173 143 905
a 143 174 789
a 174 143 789
a 144 175 367
a 175 144 367
a 144 176 2613
a 176 144 2613
a 145 177 2727
a 177 145 2727
a 145 178 2243
a 178 145 2243
a 146 179 2751
a 179 146 2751
a 147 180 2577
a 180 147 2577
a 147 181 5691
a 181 147 5691
a 149 182 1615
a 182 149 1615
a 149 183 722
a 183 149 722
a 152 184 7153
a 184 152 7153
a 152 185 3433
a 185 152 3433
a 155 186 5256
a 186 155 5256
a 157 180 3720
a 180 157 3720
a 157 187 3456
a 187 157 3456
a 159 188 4431
a 188 159 4431
a 159 189 1161
a 189 159 1161
a 159 190 336
a 190 159 336
a 161 191 551
a 191 161 551
a 161 192 2884
a 192 161 2884
a 162 193 1225
a 193 162 1225
a 162 194 599
a 194 162 599
a 162 195 789
a 195 162 789
a 163 195 905
a 195 163 905
a 163 196 932
a 196 163 932
a 165 197 1075
a 197 165 1075
a 165 198 1205
a 198 165 1205
a 167 199 2359
a 199 167 2359
a 168 200 5052
a 200 168 5052
a 169 201 878
a 201 169 878
a 169 202 556
a 202 169 556
a 171 203 551
a 203 171 551
a 171 204 403
a 204 171 403
a 172 202 789
a 202 172 789
a 172 205 581
a 205 172 581
a 173 206 1483
a 206 173 1483
a 173 207 765
a 207 173 765
a 175 208 2875
a 208 175 2875
a 175 209 1070
a 209 175 1070
a 177 210 2002
a 210 177 2002
a 177 211 475
a 211 177 475
a 178 210 2093
a 210 178 2093
a 178 212 373
a 212 178 373
a 179 213 2449
a 213 179 2449
a 179 214 4314
a 214 179 4314
a 182 215 668
a 215 182 668
a 184 216 2110
a 216 184 2110
a 184 217 3159
a 217 184 3159
a 186 218 556
a 218 186 556
a 188 219 5874
a 219 188 5874
a 188 220 1318
a 220 188 1318
a 189 221 1342
a 221 189 1342
a 189 222 476
a 222 189 476
a 190 223 3185
a 223 190 3185
a 190 224 1022
a 224 190 1022
a 193 225 2067
a 225 193 2067
a 193 226 870
a 226 193 870
a 193 227 713
a 227 193 713
a 195 226 1234
a 226 195 1234
a 195 228 1224
a 228 195 1224
a 196 228 788
a 228 196 788
a 196 229 1010
a 229 196 1010
a 196 230 1221
a 230 196 1221
a 196 231 2067
a 231 196 2067
a 197 232 854
a 232 197 854
a 199 233 8689
a 233 199 8689
a 199 234 3758
a 234 199 3758
a 200 235 346
a 235 200 346
a 200 236 1955
a 236 200 1955
a 201 237 905
a 237 201 905
a 201 238 354
a 238 201 354
a 202 239 1161
a 239 202 1161
a 204 240 870
a 240 204 870
a 206 241 1357
a 241 206 1357
a 206 242 516
a 242 206 516
a 206 243 765
a 243 206 765
a 207 243 1483
a 243 207 1483
a 207 244 516
a 244 207 516
a 208 245 2282
a 245 208 2282
a 208 246 599
a 246 208 599
a 209 247 1027
a 247 209 1027
a 209 248 1210
a 248 209 1210
a 210 249 354
a 249 210 354
a 213 250 3327
a 250 213 3327
a 213 251 2114
a 251 213 2114
a 214 252 1636
a 252 214 1636
a 214 253 1860
a 253 214 1860
a 216 254 3554
a 254 216 3554
a 216 255 8616
a 255 216 8616
a 216 256 4434
a 256 216 4434
a 217 257 1831
a 257 217 1831
a 217 258 3739
a 258 217 3739
a 218 259 1686
a 259 218 1686
a 219 260 4422
a 260 219 4422
a 219 261 1120
a 261 219 1120
a 220 262 1654
a 262 220 1654
a 220 263 965
a 263 220 965
a 221 264 884
a 264 221 884
a 221 265 1756
a 265 221 1756
a 222 266 1029
a 266 222 1029
a 222 267 551
a 267 222 551
a 223 268 2413
a 268 223 2413
a 224 269 664
a 269 224 664
a 224 270 605
a 270 224 605
a 225 271 951
a 271 225 951
a 225 272 1161
a 272 225 1161
a 226 273 238
a 273 226 238
a 227 273 947
a 273 227 947
a 227 274 612
a 274 227 612
a 228 229 889
a 229 228 889
a 228 275 1398
a 275 228 1398
a 229 276 403
a 276 229 403
a 230 277 2007
a 277 230 2007
a 230 278 1181
a 278 230 1181
a 231 232 983
a 232 231 983
a 231 279 1099
a 279 231 1099
a 232 277 1498
a 277 232 1498
a 232 280 598
a 280 232 598
a 233 281 10876
a 281 233 10876
a 233 282 8330
a 282 233 8330
a 235 283 2644
a 283 235 2644
a 235 284 877
a 284 235 877
a 237 239 676
a 239 237 676
a 239 240 403
a 240 239 403
a 240 285 713
a 285 240 713
a 241 286 904
a 286 241 904
a 241 287 708
a 287 241 708
a 242 288 610
a 288 242 610
a 242 289 782
a 289 242 782
a 243 287 1482
a 287 243 1482
a 243 290 789
a 290 243 789
a 244 291 1612
a 291 244 1612
a 244 292 252
a 292 244 252
a 245 293 4539
a 293 245 4539
a 245 294 3078
a 294 245 3078
a 245 295 1120
a 295 245 1120
a 246 295 2018
a 295 246 2018
a 250 296 1957
a 296 250 1957
a 250 297 6074
a 297 250 6074
a 251 298 2747
a 298 251 2747
a 251 299 3954
a 299 251 3954
a 252 300 3479
a 300 252 3479
a 252 301 804
a 301 252 804
a 253 302 1798
a 302 253 1798
a 253 303 612
a 303 253 612
a 254 304 806
a 304 254 806
a 254 305 4780
a 305 254 4780
a 255 282 6384
a 282 255 6384
a 255 306 1004
a 306 255 1004
a 256 281 674
a 281 256 674
a 256 307 3668
a 307 256 3668
a 257 308 1636
a 308 257 1636
a 257 309 1460
a 309 257 1460
a 258 310 928
a 310 258 928
a 258 311 3095
a 311 258 3095
a 259 312 1919
a 312 259 1919
a 259 313 4293
a 313 259 4293
a 260 262 337
a 262 260 337
a 260 314 2001
a 314 260 2001
a 262 315 3224
a 315 262 3224
a 263 316 2626
a 316 263 2626
a 263 317 2082
a 317 263 2082
a 264 267 738
a 267 264 738
a 264 318 2289
a 318 264 2289
a 266 319 3697
a 319 266 3697
a 266 320 2329
a 320 266 2329
a 267 321 1502
a 321 267 1502
a 268 322 1790
a 322 268 1790
a 270 323 761
a 323 270 761
a 270 324 1345
a 324 270 1345
a 271 325 782
a 325 271 782
a 272 274 1578
a 274 272 1578
a 272 326 562
a 326 272 562
a 272 327 589
a 327 272 589
a 273 275 672
a 275 273 672
a 274 328 1409
a 328 274 1409
a 275 329 452
a 329 275 452
a 277 330 2441
a 330 277 2441
a 277 331 1099
a 331 277 1099
a 278 332 782
a 332 278 782
a 280 333 220
a 333 280 220
a 280 334 1015
a 334 280 1015
a 281 335 1955
a 335 281 1955
a 282 307 3525
a 307 282 3525
a 282 336 3040
a 336 282 3040
a 283 337 2044
a 337 283 2044
a 283 338 1766
a 338 283 1766
a 284 339 2496
a 339 284 2496
a 285 340 848
a 340 285 848
a 285 341 1014
a 341 285 1014
a 286 342 3495
a 342 286 3495
a 287 343 354
a 343 287 354
a 288 344 1937
a 344 288 1937
a 289 345 708
a 345 289 708
a 290 292 1592
a 292 290 1592
a 290 346 1482
a 346 290 1482
a 291 347 562
a 347 291 562
a 291 348 562
a 348 291 562
a 292 348 1062
a 348 292 1062
a 293 349 404
a 349 293 404
a 294 350 2182
a 350 294 2182
a 294 351 3981
a 351 294 3981
a 295 352 4184
a 352 295 4184
a 297 353 1336
a 353 297 1336
a 297 354 551
a 354 297 551
a 298 355 2031
a 355 298 2031
a 298 356 792
a 356 298 792
a 303 357 2183
a 357 303 2183
a 303 358 6250
a 358 303 6250
a 304 359 2468
a 359 304 2468
a 304 360 1765
a 360 304 1765
a 305 361 1085
a 361 305 1085
a 305 362 1258
a 362 305 1258
a 306 363 2803
a 363 306 2803
a 306 364 3604
a 364 306 3604
a 307 365 2528
a 365 307 2528
a 309 366 5897
a 366 309 5897
a 309 367 2246
a 367 309 2246
a 310 368 1963
a 368 310 1963
a 310 369 5014
a 369 310 5014
a 312 370 1004
a 370 312 1004
a 313 322 873
a 322 313 873
a 313 371 1022
a 371 313 1022
a 314 372 2313
a 372 314 2313
a 314 373 2481
a 373 314 2481
a 316 317 1108
a 317 316 1108
a 316 374 3348
a 374 316 3348
a 317 375 547
a 375 317 547
a 318 376 3205
a 376 318 3205
a 318 377 373
a 377 318 373
a 319 378 476
a 378 319 476
a 319 379 951
a 379 319 951
a 320 321 983
a 321 320 983
a 320 380 1120
a 380 320 1120
a 321 381 1456
a 381 321 1456
a 322 382 2559
a 382 322 2559
a 322 383 951
a 383 322 951
a 323 384 1314
a 384 323 1314
a 324 384 676
a 384 324 676
a 324 385 873
a 385 324 873
a 326 328 354
a 328 326 354
a 326 386 354
a 386 326 354
a 326 387 203
a 387 326 203
a 328 387 445
a 387 328 445
a 329 388 344
a 388 329 344
a 330 389 1632
a 389 330 1632
a 330 390 336
a 390 330 336
a 331 332 893
a 332 331 893
a 331 391 476
a 391 331 476
a 333 392 2940
a 392 333 2940
a 333 393 610
a 393 333 610
a 335 394 567
a 394 335 567
a 335 395 788
a 395 335 788
a 335 396 1087
a 396 335 1087
a 336 397 3585
a 397 336 3585
a 336 398 1619
a 398 336 1619
a 337 399 2691
a 399 337 2691
a 337 400 3420
a 400 337 3420
a 338 401 425
a 401 338 425
a 340 402 2850
a 402 340 2850
a 341 345 836
a 345 341 836
a 341 403 1205
a 403 341 1205
a 342 404 1558
a 404 342 1558
a 342 405 2044
a 405 342 2044
a 343 346 435
a 346 343 435
a 343 406 1293
a 406 343 1293
a 344 407 751
a 407 344 751
a 344 408 747
a 408 344 747
a 345 408 1482
a 408 345 1482
a 348 351 1179
a 351 348 1179
a 349 409 1537
a 409 349 1537
a 349 410 4754
a 410 349 4754
a 349 411 2824
a 411 349 2824
a 350 412 2824
a 412 350 2824
a 350 413 4780
a 413 350 4780
a 351 414 3537
a 414 351 3537
a 352 415 2414
a 415 352 2414
a 352 416 3204
a 416 352 3204
a 354 417 599
a 417 354 599
a 354 418 2797
a 418 354 2797
a 355 419 1097
a 419 355 1097
a 402 407 605
a 407 402 605
a 403 407 1341
a 407 403 1341
a 403 408 452
a 408 403 452
a 405 414 2182
a 414 405 2182
a 413 414 751
a 414 413 751
