c In this file, the DIMACS format is extended by allowing arcs of infinite weight.
c These are specified by "a U V inf", where U and V are vertex IDs.
p sp 524 1406
a 1 2 1885
a 2 1 1885
a 1 3 1965
a 3 1 1965
a 2 4 879
a 4 2 879
a 2 5 782
a 5 2 782
a 2 6 1883
a 6 2 1883
a 2 7 713
a 7 2 713
a 3 8 807
a 8 3 807
a 3 9 822
a 9 3 822
a 3 10 1708
a 10 3 1708
a 4 11 1153
a 11 4 1153
a 4 12 1848
a 12 4 1848
a 4 13 92
a 13 4 92
a 5 14 1055
a 14 5 1055
a 5 15 1694
a 15 5 1694
a 6 15 1055
a 15 6 1055
a 6 16 556
a 16 6 556
a 6 17 1694
a 17 6 1694
a 7 18 1117
a 18 7 1117
a 7 19 537
a 19 7 537
a 8 20 1346
a 20 8 1346
a 8 21 3479
a 21 8 3479
a 9 22 2251
a 22 9 2251
a 9 23 65
a 23 9 65
a 10 24 200
a 24 10 200
a 10 25 828
a 25 10 828
a 11 26 517
a 26 11 517
a 11 27 1140
a 27 11 1140
a 11 28 217
a 28 11 217
a 12 29 253
a 29 12 253
a 12 30 766
a 30 12 766
a 13 21 252
a 21 13 252
a 14 30 562
a 30 14 562
a 14 31 1883
a 31 14 1883
a 15 31 782
a 31 15 782
a 15 32 1772
a 32 15 1772
a 16 18 552
a 18 16 552
a 16 33 445
a 33 16 445
a 16 34 1824
a 34 16 1824
a 17 32 581
a 32 17 581
a 17 34 688
a 34 17 688
a 17 35 1184
a 35 17 1184
a 19 36 337
a 36 19 337
a 19 37 1685
a 37 19 1685
a 20 22 837
a 22 20 837
a 20 38 738
a 38 20 738
a 20 39 3227
a 39 20 3227
a 22 40 404
a 40 22 404
a 22 41 475
a 41 22 475
a 23 42 533
a 42 23 533
a 23 43 711
a 43 23 711
a 24 44 525
a 44 24 525
a 25 45 1221
a 45 25 1221
a 25 46 2088
a 46 25 2088
a 26 47 552
a 47 26 552
a 26 48 168
a 48 26 168
a 27 29 517
a 29 27 517
a 27 49 337
a 49 27 337
a 28 39 235
a 39 28 235
a 29 50 1458
a 50 29 1458
a 30 50 2014
a 50 30 2014
a 30 51 1307
a 51 30 1307
a 31 52 672
a 52 31 672
a 31 53 1717
a 53 31 1717
a 32 53 1014
a 53 32 1014
a 32 54 1987
a 54 32 1987
a 33 55 445
a 55 33 445
a 34 35 1275
a 35 34 1275
a 34 56 474
a 56 34 474
a 35 57 709
a 57 35 709
a 36 58 1447
a 58 36 1447
a 36 59 605
a 59 36 605
a 38 48 3207
a 48 38 3207
a 38 60 837
a 60 38 837
a 40 60 337
a 60 40 337
a 40 61 1725
a 61 40 1725
a 41 42 2083
a 42 41 2083
a 41 62 612
a 62 41 612
a 42 62 2208
a 62 42 2208
a 43 44 514
a 44 43 514
a 44 63 856
a 63 44 856
a 45 64 1080
a 64 45 1080
a 45 65 2531
a 65 45 2531
a 46 65 253
a 65 46 253
a 46 66 1074
a 66 46 1074
a 47 67 355
a 67 47 355
a 47 68 139
a 68 47 139
a 49 69 924
a 69 49 924
a 49 70 1436
a 70 49 1436
a 50 71 3171
a 71 50 3171
a 51 52 600
a 52 51 600
a 51 72 3629
a 72 51 3629
a 52 73 1396
a 73 52 1396
a 52 74 953
a 74 52 953
a 53 75 672
a 75 53 672
a 53 76 1966
a 76 53 1966
a 54 57 672
a 57 54 672
a 54 76 905
a 76 54 905
a 54 77 1717
a 77 54 1717
a 55 59 612
a 59 55 612
a 55 78 476
a 78 55 476
a 56 78 1275
a 78 56 1275
a 56 79 789
a 79 56 789
a 57 80 778
a 80 57 778
a 57 81 1783
a 81 57 1783
a 59 82 807
a 82 59 807
a 59 83 697
a 83 59 697
a 60 84 276
a 84 60 276
a 61 85 590
a 85 61 590
a 61 86 590
a 86 61 590
a 62 86 337
a 86 62 337
a 63 87 421
a 87 63 421
a 63 88 677
a 88 63 677
a 63 89 1816
a 89 63 1816
a 64 90 2422
a 90 64 2422
a 65 90 940
a 90 65 940
a 66 82 810
a 82 66 810
a 66 91 1611
a 91 66 1611
a 67 70 677
a 70 67 677
a 67 92 337
a 92 67 337
a 68 93 4008
a 93 68 4008
a 69 94 1683
a 94 69 1683
a 69 95 2106
a 95 69 2106
a 70 96 421
a 96 70 421
a 71 97 1133
a 97 71 1133
a 72 98 1211
a 98 72 1211
a 72 99 940
a 99 72 940
a 73 100 1255
a 100 73 1255
a 73 101 2104
a 101 73 2104
a 74 75 766
a 75 74 766
a 74 102 2468
a 102 74 2468
a 75 103 436
a 103 75 436
a 76 104 688
a 104 76 688
a 76 105 1800
a 105 76 1800
a 77 81 796
a 81 77 796
a 77 105 893
a 105 77 893
a 77 106 1966
a 106 77 1966
a 79 107 677
a 107 79 677
a 79 108 175
a 108 79 175
a 80 109 705
a 109 80 705
a 81 110 688
a 110 81 688
a 81 111 1987
a 111 81 1987
a 82 107 1346
a 107 82 1346
a 83 112 1394
a 112 83 1394
a 83 113 948
a 113 83 948
a 84 85 2042
a 85 84 2042
a 84 93 276
a 93 84 276
a 85 114 678
a 114 85 678
a 86 115 279
a 115 86 279
a 87 116 436
a 116 87 436
a 88 117 790
a 117 88 790
a 89 118 573
a 118 89 573
a 90 119 673
a 119 90 673
a 91 120 404
a 120 91 404
a 92 121 3783
a 121 92 3783
a 93 122 202
a 122 93 202
a 94 95 1394
a 95 94 1394
a 94 123 752
a 123 94 752
a 95 124 873
a 124 95 873
a 96 125 3677
a 125 96 3677
a 97 126 337
a 126 97 337
a 97 127 873
a 127 97 873
a 98 128 1115
a 128 98 1115
a 98 129 1284
a 129 98 1284
a 99 100 1303
a 100 99 1303
a 99 128 1483
a 128 99 1483
a 99 130 751
a 130 99 751
a 100 131 1534
a 131 100 1534
a 101 102 1104
a 102 101 1104
a 101 131 1028
a 131 101 1028
a 101 132 2988
a 132 101 2988
a 102 133 3125
a 133 102 3125
a 102 134 1028
a 134 102 1028
a 103 104 1449
a 104 103 1449
a 103 134 1780
a 134 103 1780
a 104 135 1004
a 135 104 1004
a 104 136 933
a 136 104 933
a 105 137 688
a 137 105 688
a 105 138 1883
a 138 105 1883
a 106 111 688
a 111 106 688
a 106 138 905
a 138 106 905
a 106 139 1635
a 139 106 1635
a 108 120 635
a 120 108 635
a 109 140 1074
a 140 109 1074
a 109 141 1863
a 141 109 1863
a 109 142 1282
a 142 109 1282
a 110 111 2089
a 111 110 2089
a 110 142 605
a 142 110 605
a 111 139 1746
a 139 111 1746
a 114 122 2059
a 122 114 2059
a 114 143 173
a 143 114 173
a 116 144 2549
a 144 116 2549
a 117 145 828
a 145 117 828
a 117 146 914
a 146 117 914
a 118 147 1145
a 147 118 1145
a 119 148 2181
a 148 119 2181
a 119 149 1141
a 149 119 1141
a 120 140 673
a 140 120 673
a 121 122 474
a 122 121 474
a 121 150 436
a 150 121 436
a 123 127 2216
a 127 123 2216
a 123 151 558
a 151 123 558
a 124 152 709
a 152 124 709
a 125 150 452
a 150 125 452
a 125 153 2388
a 153 125 2388
a 126 154 1344
a 154 126 1344
a 126 155 1146
a 155 126 1146
a 127 156 873
a 156 127 873
a 128 157 1682
a 157 128 1682
a 128 158 810
a 158 128 810
a 129 155 751
a 155 129 751
a 129 159 837
a 159 129 837
a 130 158 1422
a 158 130 1422
a 130 160 1115
a 160 130 1115
a 131 160 1009
a 160 131 1009
a 131 161 2478
a 161 131 2478
a 132 133 1144
a 133 132 1144
a 132 161 1179
a 161 132 1179
a 133 162 253
a 162 133 253
a 134 135 1380
a 135 134 1380
a 134 163 3125
a 163 134 3125
a 135 164 2883
a 164 135 2883
a 136 137 871
a 137 136 871
a 136 165 3140
a 165 136 3140
a 137 166 782
a 166 137 782
a 137 167 1866
a 167 137 1866
a 138 167 581
a 167 138 581
a 138 168 1635
a 168 138 1635
a 139 168 905
a 168 139 905
a 139 169 2042
a 169 139 2042
a 140 170 810
a 170 140 810
a 141 171 1224
a 171 141 1224
a 142 172 1211
a 172 142 1211
a 144 173 2884
a 173 144 2884
a 145 174 1704
a 174 145 1704
a 145 175 2481
a 175 145 2481
a 146 176 1122
a 176 146 1122
a 147 177 794
a 177 147 794
a 149 178 1147
a 178 149 1147
a 150 179 1081
a 179 150 1081
a 151 152 1780
a 152 151 1780
a 151 180 790
a 180 151 790
a 152 181 419
a 181 152 419
a 152 182 1014
a 182 152 1014
a 153 182 791
a 182 153 791
a 153 183 517
a 183 153 517
a 154 184 1746
a 184 154 1746
a 155 157 1009
a 157 155 1009
a 156 185 2015
a 185 156 2015
a 156 186 738
a 186 156 738
a 157 187 879
a 187 157 879
a 158 187 1483
a 187 158 1483
a 160 188 2620
a 188 160 2620
a 161 189 3676
a 189 161 3676
a 161 190 1121
a 190 161 1121
a 162 163 807
a 163 162 807
a 162 191 1085
a 191 162 1085
a 163 164 1141
a 164 163 1141
a 164 192 279
a 192 164 279
a 165 192 752
a 192 165 752
a 165 193 940
a 193 165 940
a 166 193 1631
a 193 166 1631
a 166 194 1552
a 194 166 1552
a 167 194 924
a 194 167 924
a 167 195 1742
a 195 167 1742
a 168 195 672
a 195 168 672
a 169 196 355
a 196 169 355
a 169 197 2233
a 197 169 2233
a 169 198 336
a 198 169 336
a 170 199 418
a 199 170 418
a 170 200 873
a 200 170 873
a 171 201 673
a 201 171 673
a 172 202 789
a 202 172 789
a 172 203 474
a 203 172 474
a 173 204 1014
a 204 173 1014
a 173 205 253
a 205 173 253
a 173 206 452
a 206 173 452
a 174 207 1994
a 207 174 1994
a 174 208 392
a 208 174 392
a 175 176 1029
a 176 175 1029
a 175 209 1575
a 209 175 1575
a 176 210 1620
a 210 176 1620
a 177 211 2175
a 211 177 2175
a 178 212 537
a 212 178 537
a 179 183 3227
a 183 179 3227
a 179 213 476
a 213 179 476
a 180 186 940
a 186 180 940
a 180 214 1308
a 214 180 1308
a 181 214 279
a 214 181 279
a 181 215 202
a 215 181 202
a 182 216 1800
a 216 182 1800
a 183 215 1855
a 215 183 1855
a 183 217 276
a 217 183 276
a 184 218 1080
a 218 184 1080
a 184 219 1716
a 219 184 1716
a 185 220 1890
a 220 185 1890
a 185 221 558
a 221 185 558
a 185 222 1009
a 222 185 1009
a 186 223 1438
a 223 186 1438
a 187 188 940
a 188 187 940
a 188 189 951
a 189 188 951
a 189 224 1161
a 224 189 1161
a 190 225 879
a 225 190 879
a 190 226 650
a 226 190 650
a 191 226 2285
a 226 191 2285
a 191 227 1055
a 227 191 1055
a 191 228 2492
a 228 191 2492
a 192 228 1255
a 228 192 1255
a 193 229 873
a 229 193 873
a 194 229 562
a 229 194 562
a 195 196 1117
a 196 195 1117
a 195 230 452
a 230 195 452
a 196 198 600
a 198 196 600
a 196 230 1200
a 230 196 1200
a 197 231 2183
a 231 197 2183
a 197 232 374
a 232 197 374
a 198 231 2834
a 231 198 2834
a 201 233 976
a 233 201 976
a 201 234 890
a 234 201 890
a 201 235 2010
a 235 201 2010
a 204 236 333
a 236 204 333
a 205 237 1685
a 237 205 1685
a 206 238 1000
a 238 206 1000
a 206 239 1742
a 239 206 1742
a 208 240 1129
a 240 208 1129
a 208 241 473
a 241 208 473
a 209 242 1117
a 242 209 1117
a 209 243 1851
a 243 209 1851
a 210 244 1200
a 244 210 1200
a 210 245 1086
a 245 210 1086
a 210 246 605
a 246 210 605
a 211 247 276
a 247 211 276
a 212 248 1161
a 248 212 1161
a 212 249 879
a 249 212 879
a 213 236 1153
a 236 213 1153
a 213 250 3351
a 250 213 3351
a 214 251 404
a 251 214 404
a 217 250 337
a 250 217 337
a 217 252 879
a 252 217 879
a 218 253 2290
a 253 218 2290
a 218 254 1811
a 254 218 1811
a 219 254 1141
a 254 219 1141
a 219 255 2887
a 255 219 2887
a 220 256 953
a 256 220 953
a 221 257 600
a 257 221 600
a 221 258 890
a 258 221 890
a 222 259 713
a 259 222 713
a 222 260 752
a 260 222 752
a 223 251 355
a 251 223 355
a 223 260 337
a 260 223 337
a 224 261 818
a 261 224 818
a 224 262 1307
a 262 224 1307
a 225 263 2381
a 263 225 2381
a 226 264 1206
a 264 226 1206
a 227 264 1979
a 264 227 1979
a 227 265 984
a 265 227 984
a 227 266 2421
a 266 227 2421
a 228 267 976
a 267 228 976
a 228 268 3625
a 268 228 3625
a 229 269 1182
a 269 229 1182
a 230 269 849
a 269 230 849
a 231 270 1009
a 270 231 1009
a 231 271 1100
a 271 231 1100
a 231 272 4462
a 272 231 4462
a 232 273 885
a 273 232 885
a 232 274 1428
a 274 232 1428
a 233 275 4723
a 275 233 4723
a 233 276 953
a 276 233 953
a 234 277 452
a 277 234 452
a 234 278 1211
a 278 234 1211
a 235 279 1206
a 279 235 1206
a 235 280 751
a 280 235 751
a 236 281 344
a 281 236 344
a 237 282 1532
a 282 237 1532
a 238 283 943
a 283 238 943
a 239 240 1324
a 240 239 1324
a 239 284 1576
a 284 239 1576
a 240 284 1088
a 284 240 1088
a 240 285 791
a 285 240 791
a 241 243 394
a 243 241 394
a 241 286 428
a 286 241 428
a 242 287 476
a 287 242 476
a 242 288 2019
a 288 242 2019
a 243 289 231
a 289 243 231
a 245 290 558
a 290 245 558
a 245 291 1009
a 291 245 1009
a 245 292 1345
a 292 245 1345
a 247 248 871
a 248 247 871
a 247 293 337
a 293 247 337
a 247 294 801
a 294 247 801
a 248 295 952
a 295 248 952
a 249 295 1121
a 295 249 1121
a 249 296 374
a 296 249 374
a 249 297 738
a 297 249 738
a 250 298 953
a 298 250 953
a 251 299 474
a 299 251 474
a 252 299 1976
a 299 252 1976
a 252 300 789
a 300 252 789
a 254 301 3291
a 301 254 3291
a 255 301 928
a 301 255 928
a 255 302 1678
a 302 255 1678
a 256 303 1422
a 303 256 1422
a 256 304 1883
a 304 256 1883
a 257 305 985
a 305 257 985
a 257 306 1228
a 306 257 1228
a 257 307 1672
a 307 257 1672
a 258 308 374
a 308 258 374
a 259 308 279
a 308 259 279
a 260 309 474
a 309 260 474
a 261 263 677
a 263 261 677
a 261 310 1798
a 310 261 1798
a 262 302 1211
a 302 262 1211
a 264 311 952
a 311 264 952
a 264 312 789
a 312 264 789
a 265 312 1890
a 312 265 1890
a 265 313 951
a 313 265 951
a 265 314 1779
a 314 265 1779
a 266 267 404
a 267 266 404
a 266 315 1023
a 315 266 1023
a 267 316 3490
a 316 267 3490
a 268 269 789
a 269 268 789
a 268 316 1023
a 316 268 1023
a 270 317 2081
a 317 270 2081
a 270 318 2208
a 318 270 2208
a 271 319 796
a 319 271 796
a 271 320 1035
a 320 271 1035
a 272 321 848
a 321 272 848
a 272 322 2132
a 322 272 2132
a 273 275 951
a 275 273 951
a 273 323 1503
a 323 273 1503
a 274 324 789
a 324 274 789
a 274 325 1009
a 325 274 1009
a 275 326 810
a 326 275 810
a 276 326 4250
a 326 276 4250
a 276 327 953
a 327 276 953
a 277 328 1323
a 328 277 1323
a 277 329 683
a 329 277 683
a 278 330 1813
a 330 278 1813
a 278 331 673
a 331 278 673
a 279 327 139
a 327 279 139
a 279 332 673
a 332 279 673
a 280 331 612
a 331 280 612
a 281 333 1145
a 333 281 1145
a 281 334 905
a 334 281 905
a 282 335 7937
a 335 282 7937
a 283 336 418
a 336 283 418
a 284 287 2893
a 287 284 2893
a 284 337 418
a 337 284 418
a 287 338 3698
a 338 287 3698
a 288 339 1806
a 339 288 1806
a 288 340 1341
a 340 288 1341
a 291 341 697
a 341 291 697
a 291 342 1673
a 342 291 1673
a 291 343 3461
a 343 291 3461
a 293 344 337
a 344 293 337
a 294 345 745
a 345 294 745
a 295 346 605
a 346 295 605
a 296 328 1534
a 328 296 1534
a 297 330 1855
a 330 297 1855
a 297 346 1067
a 346 297 1067
a 297 347 810
a 347 297 810
a 298 348 1502
a 348 298 1502
a 298 349 953
a 349 298 953
a 298 350 1445
a 350 298 1445
a 300 307 344
a 307 300 344
a 300 309 1620
a 309 300 1620
a 301 351 789
a 351 301 789
a 302 352 1547
a 352 302 1547
a 303 353 537
a 353 303 537
a 303 354 2551
a 354 303 2551
a 303 355 948
a 355 303 948
a 304 356 2331
a 356 304 2331
a 304 357 418
a 357 304 418
a 306 348 1716
a 348 306 1716
a 306 358 1307
a 358 306 1307
a 307 308 751
a 308 307 751
a 310 311 3333
a 311 310 3333
a 310 359 1428
a 359 310 1428
a 310 360 1293
a 360 310 1293
a 311 361 1577
a 361 311 1577
a 312 362 610
a 362 312 610
a 313 314 2091
a 314 313 2091
a 313 363 1704
a 363 313 1704
a 313 364 713
a 364 313 713
a 314 315 751
a 315 314 751
a 315 365 600
a 365 315 600
a 316 366 1534
a 366 316 1534
a 319 367 709
a 367 319 709
a 319 368 796
a 368 319 796
a 320 369 1800
a 369 320 1800
a 320 370 279
a 370 320 279
a 321 371 1686
a 371 321 1686
a 321 372 2092
a 372 321 2092
a 321 373 1868
a 373 321 1868
a 321 374 766
a 374 321 766
a 322 374 1064
a 374 322 1064
a 322 375 2104
a 375 322 2104
a 322 376 640
a 376 322 640
a 323 377 1284
a 377 323 1284
a 323 378 677
a 378 323 677
a 325 368 2085
a 368 325 2085
a 325 378 810
a 378 325 810
a 326 377 202
a 377 326 202
a 327 379 3714
a 379 327 3714
a 328 330 673
a 330 328 673
a 330 380 752
a 380 330 752
a 331 380 1624
a 380 331 1624
a 331 381 873
a 381 331 873
a 332 382 3516
a 382 332 3516
a 332 383 1067
a 383 332 1067
a 333 334 1080
a 334 333 1080
a 333 384 2748
a 384 333 2748
a 334 385 1116
a 385 334 1116
a 335 386 1699
a 386 335 1699
a 335 387 1293
a 387 335 1293
a 335 388 951
a 388 335 951
a 336 389 1142
a 389 336 1142
a 336 390 940
a 390 336 940
a 337 391 1010
a 391 337 1010
a 337 392 605
a 392 337 605
a 338 393 3730
a 393 338 3730
a 338 394 789
a 394 338 789
a 339 395 492
a 395 339 492
a 339 396 787
a 396 339 787
a 340 397 220
a 397 340 220
a 340 398 3746
a 398 340 3746
a 343 344 337
a 344 343 337
a 344 399 404
a 399 344 404
a 345 400 90
a 400 345 90
a 347 380 2088
a 380 347 2088
a 347 401 828
a 401 347 828
a 347 402 885
a 402 347 885
a 348 403 1477
a 403 348 1477
a 349 385 1357
a 385 349 1357
a 349 404 766
a 404 349 766
a 351 352 1228
a 352 351 1228
a 351 405 596
a 405 351 596
a 352 406 355
a 406 352 355
a 352 407 2531
a 407 352 2531
a 353 357 948
a 357 353 948
a 353 408 2615
a 408 353 2615
a 354 408 807
a 408 354 807
a 354 409 238
a 409 354 238
a 354 410 630
a 410 354 630
a 355 410 2253
a 410 355 2253
a 355 411 810
a 411 355 810
a 356 412 758
a 412 356 758
a 356 413 1268
a 413 356 1268
a 357 414 2337
a 414 357 2337
a 358 415 1428
a 415 358 1428
a 358 416 1592
a 416 358 1592
a 359 407 789
a 407 359 789
a 360 361 3665
a 361 360 3665
a 360 417 1458
a 417 360 1458
a 361 362 873
a 362 361 873
a 362 363 558
a 363 362 558
a 363 418 650
a 418 363 650
a 364 365 3486
a 365 364 3486
a 364 418 1579
a 418 364 1579
a 364 419 885
a 419 364 885
a 365 366 3424
a 366 365 3424
a 365 420 985
a 420 365 985
a 366 421 885
a 421 366 885
a 368 422 1816
a 422 368 1816
a 369 423 517
a 423 369 517
a 370 422 873
a 422 370 873
a 370 424 948
a 424 370 948
a 371 425 2483
a 425 371 2483
a 371 426 445
a 426 371 445
a 372 427 663
a 427 372 663
a 372 428 1073
a 428 372 1073
a 373 426 1182
a 426 373 1182
a 373 429 1055
a 429 373 1055
a 374 430 3015
a 430 374 3015
a 375 431 885
a 431 375 885
a 375 432 906
a 432 375 906
a 376 433 381
a 433 376 381
a 377 379 558
a 379 377 558
a 378 434 1502
a 434 378 1502
a 379 434 202
a 434 379 202
a 380 435 873
a 435 380 873
a 381 435 1624
a 435 381 1624
a 381 436 879
a 436 381 879
a 382 434 610
a 434 382 610
a 382 437 344
a 437 382 344
a 383 438 984
a 438 383 984
a 383 439 337
a 439 383 337
a 384 403 713
a 403 384 713
a 384 404 276
a 404 384 276
a 384 440 674
a 440 384 674
a 385 404 1586
a 404 385 1586
a 386 441 842
a 441 386 842
a 387 442 1067
a 442 387 1067
a 388 443 2070
a 443 388 2070
a 388 444 474
a 444 388 474
a 389 445 355
a 445 389 355
a 389 446 2019
a 446 389 2019
a 390 391 2111
a 391 390 2111
a 390 447 789
a 447 390 789
a 391 446 1009
a 446 391 1009
a 392 448 1413
a 448 392 1413
a 392 449 1308
a 449 392 1308
a 393 450 202
a 450 393 202
a 394 451 2144
a 451 394 2144
a 394 452 612
a 452 394 612
a 396 453 797
a 453 396 797
a 396 454 799
a 454 396 799
a 397 455 1594
a 455 397 1594
a 399 456 1334
a 456 399 1334
a 399 457 158
a 457 399 158
a 400 458 584
a 458 400 584
a 401 402 1260
a 402 401 1260
a 401 435 1855
a 435 401 1855
a 401 459 828
a 459 401 828
a 403 404 751
a 404 403 751
a 403 416 807
a 416 403 807
a 406 460 828
a 460 406 828
a 407 461 2550
a 461 407 2550
a 408 414 1023
a 414 408 1023
a 409 462 976
a 462 409 976
a 410 463 404
a 463 410 404
a 410 464 890
a 464 410 890
a 412 465 590
a 465 412 590
a 412 466 673
a 466 412 673
a 414 467 1742
a 467 414 1742
a 414 468 1258
a 468 414 1258
a 415 416 1831
a 416 415 1831
a 415 469 404
a 469 415 404
a 416 440 1140
a 440 416 1140
a 416 470 337
a 470 416 337
a 417 471 476
a 471 417 476
a 417 472 1224
a 472 417 1224
a 417 473 1811
a 473 417 1811
a 418 474 650
a 474 418 650
a 419 475 1503
a 475 419 1503
a 419 476 713
a 476 419 713
a 419 477 2105
a 477 419 2105
a 420 421 2755
a 421 420 2755
a 420 478 1258
a 478 420 1258
a 421 479 926
a 479 421 926
a 422 480 476
a 480 422 476
a 423 481 506
a 481 423 506
a 423 482 3212
a 482 423 3212
a 425 483 1457
a 483 425 1457
a 426 484 565
a 484 426 565
a 427 428 855
a 428 427 855
a 427 485 741
a 485 427 741
a 428 486 637
a 486 428 637
a 429 487 1124
a 487 429 1124
a 429 488 1017
a 488 429 1017
a 430 431 791
a 431 430 791
a 430 489 885
a 489 430 885
a 431 490 1260
a 490 431 1260
a 432 491 517
a 491 432 517
a 433 482 113
a 482 433 113
a 433 492 276
a 492 433 276
a 435 493 807
a 493 435 807
a 436 494 445
a 494 436 445
a 437 495 610
a 495 437 610
a 437 496 976
a 496 437 976
a 438 494 1009
a 494 438 1009
a 438 497 374
a 497 438 374
a 438 498 418
a 498 438 418
a 439 499 2094
a 499 439 2094
a 439 500 873
a 500 439 873
a 440 501 436
a 501 440 436
a 441 502 1966
a 502 441 1966
a 442 503 1837
a 503 442 1837
a 443 504 1905
a 504 443 1905
a 444 505 605
a 505 444 605
a 445 506 1620
a 506 445 1620
a 445 507 766
a 507 445 766
a 446 508 612
a 508 446 612
a 448 508 474
a 508 448 474
a 448 509 1206
a 509 448 1206
a 449 450 650
a 450 449 650
a 449 509 1275
a 509 449 1275
a 450 510 1410
a 510 450 1410
a 450 511 279
a 511 450 279
a 451 512 738
a 512 451 738
a 451 513 1085
a 513 451 1085
a 452 513 1748
a 513 452 1748
a 452 514 928
a 514 452 928
a 455 515 139
a 515 455 139
a 455 516 4449
a 516 455 4449
a 456 517 625
a 517 456 625
a 456 518 203
a 518 456 203
a 458 519 3931
a 519 458 3931
a 459 493 1716
a 493 459 1716
a 459 520 984
a 520 459 984
a 459 521 673
a 521 459 673
a 460 522 697
a 522 460 697
a 460 523 202
a 523 460 202
a 461 471 276
a 471 461 276
a 461 524 3068
a 524 461 3068
a 467 468 1282
a 468 467 1282
a 470 501 1234
a 501 470 1234
a 474 475 279
a 475 474 279
a 477 478 1747
a 478 477 1747
a 485 486 913
a 486 485 913
a 490 491 818
a 491 490 818
a 504 505 1200
a 505 504 1200
a 509 510 612
a 510 509 612
a 520 521 1028
a 521 520 1028
