c In this file, the DIMACS format is extended by allowing arcs of infinite weight.
c These are specified by "a U V inf", where U and V are vertex IDs.
p sp 524 1210
a 1 2 1532
a 2 1 1532
a 2 3 582
a 3 2 582
a 2 4 1229
a 4 2 1229
a 3 5 547
a 5 3 547
a 3 6 2648
a 6 3 2648
a 4 7 1224
a 7 4 1224
a 4 8 1694
a 8 4 1694
a 5 9 3843
a 9 5 3843
a 5 10 3117
a 10 5 3117
a 7 11 805
a 11 7 805
a 7 12 713
a 12 7 713
a 8 13 1361
a 13 8 1361
a 8 14 1817
a 14 8 1817
a 9 15 923
a 15 9 923
a 10 16 929
a 16 10 929
a 10 17 992
a 17 10 992
a 11 18 983
a 18 11 983
a 11 19 903
a 19 11 903
a 12 20 1800
a 20 12 1800
a 13 21 1557
a 21 13 1557
a 14 22 671
a 22 14 671
a 14 23 336
a 23 14 336
a 15 24 84
a 24 15 84
a 15 25 7506
a 25 15 7506
a 16 26 1051
a 26 16 1051
a 16 27 445
a 27 16 445
a 19 23 452
a 23 19 452
a 19 28 2358
a 28 19 2358
a 20 29 303
a 29 20 303
a 22 30 1777
a 30 22 1777
a 22 31 1425
a 31 22 1425
a 23 32 1140
a 32 23 1140
a 24 33 1558
a 33 24 1558
a 24 34 1299
a 34 24 1299
a 28 32 3223
a 32 28 3223
a 28 35 475
a 35 28 475
a 29 36 276
a 36 29 276
a 30 37 3071
a 37 30 3071
a 32 38 473
a 38 32 473
a 33 39 4642
a 39 33 4642
a 33 40 5572
a 40 33 5572
a 34 41 161
a 41 34 161
a 34 42 1425
a 42 34 1425
a 35 43 1494
a 43 35 1494
a 36 44 1495
a 44 36 1495
a 38 45 835
a 45 38 835
a 38 46 3547
a 46 38 3547
a 39 40 2700
a 40 39 2700
a 39 47 1006
a 47 39 1006
a 39 48 2590
a 48 39 2590
a 40 49 1321
a 49 40 1321
a 41 50 434
a 50 41 434
a 41 51 333
a 51 41 333
a 44 52 870
a 52 44 870
a 44 53 1994
a 53 44 1994
a 45 54 688
a 54 45 688
a 45 55 1943
a 55 45 1943
a 46 56 611
a 56 46 611
a 46 57 1827
a 57 46 1827
a 49 58 6649
a 58 49 6649
a 49 59 1449
a 59 49 1449
a 50 60 3527
a 60 50 3527
a 50 61 868
a 61 50 868
a 51 62 389
a 62 51 389
a 52 63 1721
a 63 52 1721
a 52 64 2532
a 64 52 2532
a 54 65 2131
a 65 54 2131
a 54 66 1419
a 66 54 1419
a 55 67 671
a 67 55 671
a 56 68 2687
a 68 56 2687
a 56 69 808
a 69 56 808
a 57 70 707
a 70 57 707
a 57 71 4036
a 71 57 4036
a 58 72 536
a 72 58 536
a 58 73 672
a 73 58 672
a 59 74 1055
a 74 59 1055
a 59 75 238
a 75 59 238
a 60 76 1592
a 76 60 1592
a 60 77 787
a 77 60 787
a 60 78 787
a 78 60 787
a 61 79 688
a 79 61 688
a 61 80 201
a 80 61 201
a 62 81 1043
a 81 62 1043
a 63 82 970
a 82 63 970
a 64 83 288
a 83 64 288
a 65 84 278
a 84 65 278
a 66 85 536
a 85 66 536
a 68 86 2226
a 86 68 2226
a 68 87 1166
a 87 68 1166
a 68 88 1360
a 88 68 1360
a 69 89 1526
a 89 69 1526
a 69 90 1454
a 90 69 1454
a 70 91 5024
a 91 70 5024
a 71 92 4860
a 92 71 4860
a 71 93 2037
a 93 71 2037
a 72 94 2043
a 94 72 2043
a 72 95 2026
a 95 72 2026
a 73 96 1004
a 96 73 1004
a 73 97 1430
a 97 73 1430
a 74 98 4134
a 98 74 4134
a 75 99 981
a 99 75 981
a 75 100 1932
a 100 75 1932
a 78 79 2823
a 79 78 2823
a 78 101 787
a 101 78 787
a 79 102 2638
a 102 79 2638
a 80 103 1027
a 103 80 1027
a 80 104 1024
a 104 80 1024
a 81 83 178
a 83 81 178
a 81 105 614
a 105 81 614
a 82 106 1063
a 106 82 1063
a 84 107 336
a 107 84 336
a 84 108 1480
a 108 84 1480
a 85 108 2365
a 108 85 2365
a 85 109 604
a 109 85 604
a 86 110 1272
a 110 86 1272
a 87 111 4643
a 111 87 4643
a 87 112 1100
a 112 87 1100
a 88 113 1409
a 113 88 1409
a 88 114 275
a 114 88 275
a 89 115 1174
a 115 89 1174
a 89 116 749
a 116 89 749
a 91 117 3011
a 117 91 3011
a 91 118 333
a 118 91 333
a 92 119 2170
a 119 92 2170
a 92 120 1124
a 120 92 1124
a 94 121 1031
a 121 94 1031
a 94 122 983
a 122 94 983
a 95 123 1878
a 123 95 1878
a 95 124 3571
a 124 95 3571
a 95 125 6705
a 125 95 6705
a 96 126 604
a 126 96 604
a 96 127 1722
a 127 96 1722
a 98 128 946
a 128 98 946
a 98 129 1874
a 129 98 1874
a 99 130 2229
a 130 99 2229
a 99 131 628
a 131 99 628
a 100 131 1437
a 131 100 1437
a 100 132 1866
a 132 100 1866
a 102 133 905
a 133 102 905
a 102 134 672
a 134 102 672
a 103 104 418
a 104 103 418
a 104 134 1765
a 134 104 1765
a 107 135 381
a 135 107 381
a 108 136 536
a 136 108 536
a 110 137 3893
a 137 110 3893
a 110 138 1444
a 138 110 1444
a 111 139 536
a 139 111 536
a 111 140 1114
a 140 111 1114
a 111 141 2067
a 141 111 2067
a 112 114 796
a 114 112 796
a 112 142 1120
a 142 112 1120
a 112 143 536
a 143 112 536
a 114 144 587
a 144 114 587
a 116 145 933
a 145 116 933
a 117 146 515
a 146 117 515
a 117 147 3669
a 147 117 3669
a 118 148 778
a 148 118 778
a 119 149 372
a 149 119 372
a 119 150 1220
a 150 119 1220
a 120 151 3582
a 151 120 3582
a 120 152 1700
a 152 120 1700
a 121 153 1192
a 153 121 1192
a 122 154 2679
a 154 122 2679
a 122 155 847
a 155 122 847
a 123 156 4214
a 156 123 4214
a 124 157 1150
a 157 124 1150
a 124 158 2475
a 158 124 2475
a 127 159 515
a 159 127 515
a 128 160 1792
a 160 128 1792
a 128 161 1166
a 161 128 1166
a 130 162 2750
a 162 130 2750
a 130 163 1845
a 163 130 1845
a 131 164 275
a 164 131 275
a 132 165 1065
a 165 132 1065
a 133 166 1526
a 166 133 1526
a 133 167 1375
a 167 133 1375
a 133 168 1752
a 168 133 1752
a 134 169 1278
a 169 134 1278
a 137 170 3151
a 170 137 3151
a 137 171 763
a 171 137 763
a 137 172 578
a 172 137 578
a 138 173 336
a 173 138 336
a 139 174 402
a 174 139 402
a 140 175 2005
a 175 140 2005
a 140 176 1889
a 176 140 1889
a 140 177 1594
a 177 140 1594
a 141 175 949
a 175 141 949
a 141 178 672
a 178 141 672
a 142 176 2004
a 176 142 2004
a 142 179 1608
a 179 142 1608
a 144 180 1343
a 180 144 1343
a 145 181 2273
a 181 145 2273
a 145 182 959
a 182 145 959
a 146 183 4970
a 183 146 4970
a 148 184 1366
a 184 148 1366
a 148 185 1447
a 185 148 1447
a 149 186 726
a 186 149 726
a 149 187 178
a 187 149 178
a 150 188 750
a 188 150 750
a 150 189 402
a 189 150 402
a 152 190 3957
a 190 152 3957
a 152 191 981
a 191 152 981
a 153 192 785
a 192 153 785
a 153 193 61
a 193 153 61
a 153 194 1851
a 194 153 1851
a 154 195 5966
a 195 154 5966
a 154 196 556
a 196 154 556
a 155 197 2890
a 197 155 2890
a 156 192 949
a 192 156 949
a 156 198 1946
a 198 156 1946
a 156 199 3055
a 199 156 3055
a 157 200 2712
a 200 157 2712
a 158 201 473
a 201 158 473
a 160 161 1583
a 161 160 1583
a 160 202 1891
a 202 160 1891
a 161 202 1138
a 202 161 1138
a 162 203 1433
a 203 162 1433
a 162 204 2456
a 204 162 2456
a 164 205 336
a 205 164 336
a 164 206 2088
a 206 164 2088
a 165 207 402
a 207 165 402
a 167 208 373
a 208 167 373
a 167 209 2270
a 209 167 2270
a 168 169 557
a 169 168 557
a 168 209 344
a 209 168 344
a 169 173 1221
a 173 169 1221
a 170 210 623
a 210 170 623
a 170 211 1278
a 211 170 1278
a 171 212 949
a 212 171 949
a 171 213 1728
a 213 171 1728
a 172 214 1104
a 214 172 1104
a 172 215 1508
a 215 172 1508
a 173 209 1343
a 209 173 1343
a 174 216 1220
a 216 174 1220
a 174 217 604
a 217 174 604
a 174 218 1421
a 218 174 1421
a 175 219 1932
a 219 175 1932
a 175 220 1735
a 220 175 1735
a 176 221 1347
a 221 176 1347
a 177 220 1630
a 220 177 1630
a 178 222 1257
a 222 178 1257
a 178 223 1394
a 223 178 1394
a 180 224 3998
a 224 180 3998
a 181 225 671
a 225 181 671
a 181 226 1808
a 226 181 1808
a 182 227 1099
a 227 182 1099
a 183 228 2016
a 228 183 2016
a 184 229 549
a 229 184 549
a 184 230 434
a 230 184 434
a 185 231 671
a 231 185 671
a 185 232 1108
a 232 185 1108
a 190 233 139
a 233 190 139
a 190 234 2114
a 234 190 2114
a 191 235 583
a 235 191 583
a 192 236 1797
a 236 192 1797
a 195 237 2180
a 237 195 2180
a 195 238 909
a 238 195 909
a 196 197 1196
a 197 196 1196
a 196 239 1556
a 239 196 1556
a 198 240 2490
a 240 198 2490
a 198 241 1072
a 241 198 1072
a 199 242 12070
a 242 199 12070
a 200 243 707
a 243 200 707
a 201 243 628
a 243 201 628
a 201 244 1065
a 244 201 1065
a 202 244 1006
a 244 202 1006
a 203 245 1124
a 245 203 1124
a 204 246 884
a 246 204 884
a 204 247 1022
a 247 204 1022
a 205 248 1908
a 248 205 1908
a 205 249 1207
a 249 205 1207
a 207 208 2270
a 208 207 2270
a 207 249 3042
a 249 207 3042
a 208 250 598
a 250 208 598
a 209 212 1827
a 212 209 1827
a 210 251 1598
a 251 210 1598
a 211 251 1357
a 251 211 1357
a 211 252 1457
a 252 211 1457
a 211 253 1735
a 253 211 1735
a 212 250 1301
a 250 212 1301
a 212 254 3781
a 254 212 3781
a 214 217 1977
a 217 214 1977
a 216 255 1225
a 255 216 1225
a 216 256 929
a 256 216 929
a 217 257 1173
a 257 217 1173
a 218 258 395
a 258 218 395
a 219 223 1140
a 223 219 1140
a 219 259 1493
a 259 219 1493
a 219 260 2080
a 260 219 2080
a 220 261 511
a 261 220 511
a 222 262 238
a 262 222 238
a 223 263 805
a 263 223 805
a 224 264 3115
a 264 224 3115
a 224 265 168
a 265 224 168
a 228 266 2554
a 266 228 2554
a 228 267 2522
a 267 228 2522
a 232 268 749
a 268 232 749
a 232 269 547
a 269 232 547
a 233 270 419
a 270 233 419
a 233 271 3653
a 271 233 3653
a 234 272 2702
a 272 234 2702
a 234 273 3981
a 273 234 3981
a 235 274 1989
a 274 235 1989
a 235 275 1752
a 275 235 1752
a 236 276 238
a 276 236 238
a 238 277 4841
a 277 238 4841
a 238 278 5197
a 278 238 5197
a 240 279 1246
a 279 240 1246
a 240 280 2344
a 280 240 2344
a 241 280 473
a 280 241 473
a 241 281 2959
a 281 241 2959
a 242 282 1469
a 282 242 1469
a 242 283 537
a 283 242 537
a 243 284 746
a 284 243 746
a 244 285 4194
a 285 244 4194
a 244 286 832
a 286 244 832
a 245 287 1452
a 287 245 1452
a 245 288 555
a 288 245 555
a 245 289 1065
a 289 245 1065
a 246 290 238
a 290 246 238
a 246 291 1575
a 291 246 1575
a 247 292 252
a 292 247 252
a 249 293 1847
a 293 249 1847
a 250 293 4465
a 293 250 4465
a 251 294 2113
a 294 251 2113
a 251 295 1929
a 295 251 1929
a 252 296 2040
a 296 252 2040
a 252 297 1124
a 297 252 1124
a 253 296 1466
a 296 253 1466
a 253 298 1024
a 298 253 1024
a 254 299 1004
a 299 254 1004
a 254 300 929
a 300 254 929
a 255 262 1031
a 262 255 1031
a 255 296 929
a 296 255 929
a 259 301 353
a 301 259 353
a 259 302 1375
a 302 259 1375
a 260 261 1253
a 261 260 1253
a 260 303 2002
a 303 260 2002
a 261 304 2399
a 304 261 2399
a 262 298 111
a 298 262 111
a 263 305 403
a 305 263 403
a 264 306 2551
a 306 264 2551
a 264 307 4406
a 307 264 4406
a 265 308 3101
a 308 265 3101
a 266 308 515
a 308 266 515
a 266 309 688
a 309 266 688
a 266 310 888
a 310 266 888
a 267 311 707
a 311 267 707
a 268 275 6027
a 275 268 6027
a 268 312 543
a 312 268 543
a 269 313 7378
a 313 269 7378
a 270 314 1958
a 314 270 1958
a 270 315 562
a 315 270 562
a 271 316 3940
a 316 271 3940
a 271 317 2754
a 317 271 2754
a 271 318 3425
a 318 271 3425
a 272 317 868
a 317 272 868
a 272 319 587
a 319 272 587
a 273 320 2643
a 320 273 2643
a 273 321 1457
a 321 273 1457
a 274 322 937
a 322 274 937
a 274 323 931
a 323 274 931
a 276 277 490
a 277 276 490
a 276 324 868
a 324 276 868
a 277 325 714
a 325 277 714
a 278 282 5170
a 282 278 5170
a 278 326 1389
a 326 278 1389
a 280 327 1136
a 327 280 1136
a 281 328 975
a 328 281 975
a 281 329 713
a 329 281 713
a 282 330 788
a 330 282 788
a 285 331 737
a 331 285 737
a 285 332 3101
a 332 285 3101
a 286 333 2235
a 333 286 2235
a 288 334 1896
a 334 288 1896
a 288 335 992
a 335 288 992
a 290 336 336
a 336 290 336
a 290 337 1556
a 337 290 1556
a 292 338 4791
a 338 292 4791
a 292 339 3260
a 339 292 3260
a 293 340 2924
a 340 293 2924
a 293 341 1150
a 341 293 1150
a 294 342 929
a 342 294 929
a 294 343 1669
a 343 294 1669
a 294 344 1805
a 344 294 1805
a 295 305 1540
a 305 295 1540
a 295 345 975
a 345 295 975
a 298 305 557
a 305 298 557
a 299 346 1139
a 346 299 1139
a 299 347 1150
a 347 299 1150
a 300 347 580
a 347 300 580
a 300 348 749
a 348 300 749
a 300 349 2063
a 349 300 2063
a 301 350 550
a 350 301 550
a 301 351 889
a 351 301 889
a 302 352 884
a 352 302 884
a 302 353 2124
a 353 302 2124
a 303 304 1292
a 304 303 1292
a 303 354 1343
a 354 303 1343
a 303 355 1342
a 355 303 1342
a 304 306 1490
a 306 304 1490
a 305 356 1490
a 356 305 1490
a 306 357 1536
a 357 306 1536
a 307 355 1014
a 355 307 1014
a 307 358 550
a 358 307 550
a 309 359 1193
a 359 309 1193
a 310 360 3194
a 360 310 3194
a 311 361 4628
a 361 311 4628
a 311 362 553
a 362 311 553
a 313 363 1745
a 363 313 1745
a 313 364 543
a 364 313 543
a 314 365 2468
a 365 314 2468
a 314 366 713
a 366 314 713
a 315 366 1610
a 366 315 1610
a 315 367 688
a 367 315 688
a 316 368 1635
a 368 316 1635
a 316 369 201
a 369 316 201
a 317 370 4921
a 370 317 4921
a 318 371 1638
a 371 318 1638
a 318 372 1477
a 372 318 1477
a 319 320 981
a 320 319 981
a 319 373 5895
a 373 319 5895
a 320 374 2533
a 374 320 2533
a 321 375 1117
a 375 321 1117
a 321 376 2134
a 376 321 2134
a 326 377 1181
a 377 326 1181
a 326 378 849
a 378 326 849
a 327 379 5922
a 379 327 5922
a 327 380 2096
a 380 327 2096
a 328 381 1618
a 381 328 1618
a 328 382 2740
a 382 328 2740
a 329 382 3942
a 382 329 3942
a 329 383 672
a 383 329 672
a 330 384 2404
a 384 330 2404
a 330 385 475
a 385 330 475
a 331 386 680
a 386 331 680
a 332 338 2442
a 338 332 2442
a 332 387 557
a 387 332 557
a 333 388 2633
a 388 333 2633
a 334 389 1398
a 389 334 1398
a 334 390 1498
a 390 334 1498
a 334 391 846
a 391 334 846
a 336 390 937
a 390 336 937
a 336 392 1949
a 392 336 1949
a 339 393 201
a 393 339 201
a 340 346 1375
a 346 340 1375
a 340 394 1077
a 394 340 1077
a 341 346 1177
a 346 341 1177
a 341 395 2118
a 395 341 2118
a 342 347 2822
a 347 342 2822
a 342 396 949
a 396 342 949
a 342 397 1111
a 397 342 1111
a 343 398 2522
a 398 343 2522
a 344 398 1866
a 398 344 1866
a 344 399 1734
a 399 344 1734
a 346 396 1006
a 396 346 1006
a 351 352 2158
a 352 351 2158
a 351 400 333
a 400 351 333
a 352 401 796
a 401 352 796
a 352 402 1224
a 402 352 1224
a 353 354 749
a 354 353 749
a 353 403 950
a 403 353 950
a 354 404 1574
a 404 354 1574
a 355 405 1551
a 405 355 1551
a 356 406 651
a 406 356 651
a 356 407 441
a 407 356 441
a 358 408 3837
a 408 358 3837
a 358 409 949
a 409 358 949
a 359 410 445
a 410 359 445
a 360 411 1204
a 411 360 1204
a 361 412 1334
a 412 361 1334
a 361 413 2055
a 413 361 2055
a 362 412 3593
a 412 362 3593
a 363 375 1530
a 375 363 1530
a 365 368 791
a 368 365 791
a 365 414 943
a 414 365 943
a 366 415 818
a 415 366 818
a 367 415 1180
a 415 367 1180
a 367 416 1072
a 416 367 1072
a 368 417 2014
a 417 368 2014
a 369 418 2539
a 418 369 2539
a 369 419 2167
a 419 369 2167
a 370 420 2679
a 420 370 2679
a 370 421 1208
a 421 370 1208
a 373 422 1320
a 422 373 1320
a 373 423 1085
a 423 373 1085
a 374 424 10749
a 424 374 10749
a 374 425 4149
a 425 374 4149
a 375 426 1785
a 426 375 1785
a 379 427 1730
a 427 379 1730
a 382 428 583
a 428 382 583
a 384 429 2464
a 429 384 2464
a 384 430 452
a 430 384 452
a 385 431 791
a 431 385 791
a 386 432 1607
a 432 386 1607
a 387 433 937
a 433 387 937
a 387 434 1060
a 434 387 1060
a 388 435 168
a 435 388 168
a 389 436 949
a 436 389 949
a 389 437 452
a 437 389 452
a 390 438 1935
a 438 390 1935
a 391 439 1006
a 439 391 1006
a 391 440 1357
a 440 391 1357
a 393 441 5668
a 441 393 5668
a 393 442 729
a 442 393 729
a 394 396 1357
a 396 394 1357
a 399 406 1114
a 406 399 1114
a 399 443 885
a 443 399 885
a 400 401 2206
a 401 400 2206
a 400 444 503
a 444 400 503
a 401 445 597
a 445 401 597
a 402 403 787
a 403 402 787
a 402 446 1466
a 446 402 1466
a 403 447 1663
a 447 403 1663
a 404 448 818
a 448 404 818
a 404 449 2080
a 449 404 2080
a 405 409 905
a 409 405 905
a 405 450 595
a 450 405 595
a 406 444 587
a 444 406 587
a 406 451 1204
a 451 406 1204
a 409 452 1592
a 452 409 1592
a 411 453 2239
a 453 411 2239
a 412 454 2043
a 454 412 2043
a 413 455 4216
a 455 413 4216
a 414 456 1027
a 456 414 1027
a 415 416 847
a 416 415 847
a 416 457 503
a 457 416 503
a 418 458 839
a 458 418 839
a 418 459 1225
a 459 418 1225
a 419 460 2665
a 460 419 2665
a 419 461 4445
a 461 419 4445
a 420 422 1209
a 422 420 1209
a 420 462 1361
a 462 420 1361
a 422 463 789
a 463 422 789
a 427 464 3056
a 464 427 3056
a 427 465 3694
a 465 427 3694
a 429 466 2956
a 466 429 2956
a 429 467 3802
a 467 429 3802
a 430 468 747
a 468 430 747
a 431 469 1187
a 469 431 1187
a 431 470 1148
a 470 431 1148
a 432 471 7025
a 471 432 7025
a 432 472 4027
a 472 432 4027
a 433 439 1809
a 439 433 1809
a 433 473 1006
a 473 433 1006
a 435 472 649
a 472 435 649
a 435 474 1727
a 474 435 1727
a 438 475 748
a 475 438 748
a 441 476 2014
a 476 441 2014
a 442 477 2900
a 477 442 2900
a 442 478 573
a 478 442 573
a 445 446 587
a 446 445 587
a 445 479 1114
a 479 445 1114
a 446 447 1096
a 447 446 1096
a 447 480 1113
a 480 447 1113
a 448 481 1113
a 481 448 1113
a 448 482 924
a 482 448 924
a 449 483 1868
a 483 449 1868
a 452 484 2028
a 484 452 2028
a 452 485 1695
a 485 452 1695
a 453 486 4020
a 486 453 4020
a 453 487 1916
a 487 453 1916
a 454 488 598
a 488 454 598
a 454 489 778
a 489 454 778
a 455 490 1100
a 490 455 1100
a 455 491 2334
a 491 455 2334
a 456 492 1480
a 492 456 1480
a 456 493 796
a 493 456 796
a 457 494 1130
a 494 457 1130
a 457 495 507
a 495 457 507
a 458 496 3031
a 496 458 3031
a 461 497 1916
a 497 461 1916
a 461 498 5849
a 498 461 5849
a 462 499 1948
a 499 462 1948
a 464 500 39
a 500 464 39
a 466 467 1262
a 467 466 1262
a 466 501 10858
a 501 466 10858
a 467 502 868
a 502 467 868
a 467 503 1558
a 503 467 1558
a 469 504 278
a 504 469 278
a 469 505 4911
a 505 469 4911
a 471 506 1598
a 506 471 1598
a 471 507 6110
a 507 471 6110
a 472 508 1509
a 508 472 1509
a 473 509 179
a 509 473 179
a 474 508 434
a 508 474 434
a 474 510 1024
a 510 474 1024
a 476 511 238
a 511 476 238
a 476 512 1175
a 512 476 1175
a 477 513 1611
a 513 477 1611
a 477 514 2111
a 514 477 2111
a 478 515 485
a 515 478 485
a 479 516 503
a 516 479 503
a 479 517 1342
a 517 479 1342
a 480 518 1139
a 518 480 1139
a 480 519 609
a 519 480 609
a 481 518 983
a 518 481 983
a 482 518 949
a 518 482 949
a 482 520 1161
a 520 482 1161
a 486 521 515
a 521 486 515
a 487 522 204
a 522 487 204
a 487 523 1099
a 523 487 1099
a 490 524 1970
a 524 490 1970
a 492 493 1426
a 493 492 1426
a 519 520 422
a 520 519 422
