c In this file, the DIMACS format is extended by allowing arcs of infinite weight.
c These are specified by "a U V inf", where U and V are vertex IDs.
p sp 108 246
a 1 2 769
a 2 1 769
a 2 3 2100
a 3 2 2100
a 3 4 1000
a 4 3 1000
a 3 5 333
a 5 3 333
a 4 6 2823
a 6 4 2823
a 4 7 556
a 7 4 556
a 5 8 1762
a 8 5 1762
a 5 9 1334
a 9 5 1334
a 6 10 808
a 10 6 808
a 6 11 1343
a 11 6 1343
a 7 12 778
a 12 7 778
a 7 13 2096
a 13 7 2096
a 9 14 1679
a 14 9 1679
a 9 15 1225
a 15 9 1225
a 10 16 1338
a 16 10 1338
a 10 17 1005
a 17 10 1005
a 11 18 1011
a 18 11 1011
a 11 19 1466
a 19 11 1466
a 12 20 893
a 20 12 893
a 12 21 2203
a 21 12 2203
a 13 21 562
a 21 13 562
a 13 22 889
a 22 13 889
a 14 23 268
a 23 14 268
a 14 24 687
a 24 14 687
a 15 25 1428
a 25 15 1428
a 15 26 672
a 26 15 672
a 18 27 2783
a 27 18 2783
a 18 28 2338
a 28 18 2338
a 19 28 1844
a 28 19 1844
a 19 29 1436
a 29 19 1436
a 20 30 1234
a 30 20 1234
a 20 31 2716
a 31 20 2716
a 21 32 835
a 32 21 835
a 22 33 1089
a 33 22 1089
a 22 34 667
a 34 22 667
a 25 35 921
a 35 25 921
a 25 36 1904
a 36 25 1904
a 26 37 562
a 37 26 562
a 26 38 980
a 38 26 980
a 27 39 1719
a 39 27 1719
a 27 40 1626
a 40 27 1626
a 29 41 874
a 41 29 874
a 30 42 1872
a 42 30 1872
a 30 43 4112
a 43 30 4112
a 30 44 1385
a 44 30 1385
a 31 32 139
a 32 31 139
a 31 45 2948
a 45 31 2948
a 32 46 1221
a 46 32 1221
a 35 47 511
a 47 35 511
a 35 48 1027
a 48 35 1027
a 36 49 679
a 49 36 679
a 36 50 419
a 50 36 419
a 37 51 344
a 51 37 344
a 38 52 1606
a 52 38 1606
a 38 53 945
a 53 38 945
a 39 42 251
a 42 39 251
a 39 54 1029
a 54 39 1029
a 42 55 713
a 55 42 713
a 43 56 2152
a 56 43 2152
a 43 57 837
a 57 43 837
a 44 58 795
a 58 44 795
a 44 59 1469
a 59 44 1469
a 45 60 261
a 60 45 261
a 46 61 1065
a 61 46 1065
a 46 62 1595
a 62 46 1595
a 47 63 2764
a 63 47 2764
a 47 64 1000
a 64 47 1000
a 48 49 778
a 49 48 778
a 48 65 2410
a 65 48 2410
a 49 66 562
a 66 49 562
a 50 51 2022
a 51 50 2022
a 51 67 1336
a 67 51 1336
a 52 68 578
a 68 52 578
a 52 69 974
a 69 52 974
a 53 69 1471
a 69 53 1471
a 53 70 2783
a 70 53 2783
a 53 71 1890
a 71 53 1890
a 54 72 1089
a 72 54 1089
a 54 73 1004
a 73 54 1004
a 55 74 401
a 74 55 401
a 55 75 493
a 75 55 493
a 56 57 2457
a 57 56 2457
a 56 76 905
a 76 56 905
a 57 77 562
a 77 57 562
a 58 78 1396
a 78 58 1396
a 58 79 2114
a 79 58 2114
a 61 80 2747
a 80 61 2747
a 61 81 1477
a 81 61 1477
a 62 81 1796
a 81 62 1796
a 62 82 2265
a 82 62 2265
a 63 64 2939
a 64 63 2939
a 63 83 1349
a 83 63 1349
a 65 84 667
a 84 65 667
a 66 84 2264
a 84 66 2264
a 66 85 1159
a 85 66 1159
a 67 86 1000
a 86 67 1000
a 67 87 1607
a 87 67 1607
a 69 71 2229
a 71 69 2229
a 69 88 1872
a 88 69 1872
a 70 89 1919
a 89 70 1919
a 70 90 679
a 90 70 679
a 71 90 1767
a 90 71 1767
a 72 91 2438
a 91 72 2438
a 72 92 1124
a 92 72 1124
a 74 93 1565
a 93 74 1565
a 74 94 1366
a 94 74 1366
a 76 95 2320
a 95 76 2320
a 76 96 924
a 96 76 924
a 78 97 1485
a 97 78 1485
a 78 98 1926
a 98 78 1926
a 80 81 1304
a 81 80 1304
a 80 99 373
a 99 80 373
a 82 100 1852
a 100 82 1852
a 82 101 1219
a 101 82 1219
a 83 102 1114
a 102 83 1114
a 83 103 1160
a 103 83 1160
a 83 104 1721
a 104 83 1721
a 84 105 1267
a 105 84 1267
a 85 105 1345
a 105 85 1345
a 85 106 402
a 106 85 402
a 85 107 1621
a 107 85 1621
a 86 106 3379
a 106 86 3379
a 86 108 562
a 108 86 562
