c In this file, the DIMACS format is extended by allowing arcs of infinite weight.
c These are specified by "a U V inf", where U and V are vertex IDs.
p sp 108 250
a 1 2 743
a 2 1 743
a 1 3 710
a 3 1 710
a 1 4 2502
a 4 1 2502
a 2 5 720
a 5 2 720
a 2 6 351
a 6 2 351
a 2 7 2411
a 7 2 2411
a 3 8 875
a 8 3 875
a 3 9 2858
a 9 3 2858
a 4 9 898
a 9 4 898
a 4 10 594
a 10 4 594
a 4 11 517
a 11 4 517
a 5 10 2259
a 10 5 2259
a 5 12 986
a 12 5 986
a 5 13 1597
a 13 5 1597
a 6 14 585
a 14 6 585
a 6 15 2485
a 15 6 2485
a 7 15 562
a 15 7 562
a 7 16 382
a 16 7 382
a 7 17 374
a 17 7 374
a 8 17 349
a 17 8 349
a 8 18 3402
a 18 8 3402
a 10 19 513
a 19 10 513
a 11 20 571
a 20 11 571
a 11 21 598
a 21 11 598
a 12 22 851
a 22 12 851
a 14 23 702
a 23 14 702
a 15 24 808
a 24 15 808
a 15 25 306
a 25 15 306
a 16 26 1083
a 26 16 1083
a 17 27 391
a 27 17 391
a 17 28 3427
a 28 17 3427
a 19 29 15
a 29 19 15
a 19 30 107
a 30 19 107
a 20 31 359
a 31 20 359
a 20 32 789
a 32 20 789
a 21 33 700
a 33 21 700
a 21 34 181
a 34 21 181
a 22 35 2036
a 35 22 2036
a 22 36 3109
a 36 22 3109
a 23 37 332
a 37 23 332
a 24 38 806
a 38 24 806
a 24 39 511
a 39 24 511
a 26 40 116
a 40 26 116
a 27 41 191
a 41 27 191
a 29 30 110
a 30 29 110
a 29 42 761
a 42 29 761
a 29 43 422
a 43 29 422
a 30 44 1575
a 44 30 1575
a 31 45 221
a 45 31 221
a 32 34 598
a 34 32 598
a 32 46 1020
a 46 32 1020
a 33 47 312
a 47 33 312
a 33 48 791
a 48 33 791
a 34 49 595
a 49 34 595
a 35 50 954
a 50 35 954
a 35 51 426
a 51 35 426
a 36 52 371
a 52 36 371
a 37 53 982
a 53 37 982
a 38 54 953
a 54 38 953
a 41 55 957
a 55 41 957
a 42 56 1576
a 56 42 1576
a 44 56 760
a 56 44 760
a 45 57 1758
a 57 45 1758
a 46 58 271
a 58 46 271
a 48 49 715
a 49 48 715
a 48 59 400
a 59 48 400
a 49 60 477
a 60 49 477
a 50 61 403
a 61 50 403
a 51 57 1083
a 57 51 1083
a 52 62 1131
a 62 52 1131
a 52 63 502
a 63 52 502
a 53 64 276
a 64 53 276
a 53 65 213
a 65 53 213
a 54 64 325
a 64 54 325
a 55 66 196
a 66 55 196
a 56 67 1134
a 67 56 1134
a 58 68 3778
a 68 58 3778
a 58 69 490
a 69 58 490
a 58 70 594
a 70 58 594
a 59 71 1113
a 71 59 1113
a 59 72 450
a 72 59 450
a 60 70 283
a 70 60 283
a 64 73 439
a 73 64 439
a 64 74 431
a 74 64 431
a 66 75 856
a 75 66 856
a 68 76 277
a 76 68 277
a 69 77 3722
a 77 69 3722
a 70 78 43
a 78 70 43
a 72 79 1130
a 79 72 1130
a 73 74 86
a 74 73 86
a 73 80 738
a 80 73 738
a 74 81 690
a 81 74 690
a 75 82 693
a 82 75 693
a 76 83 310
a 83 76 310
a 77 84 382
a 84 77 382
a 78 85 1630
a 85 78 1630
a 78 86 464
a 86 78 464
a 80 87 931
a 87 80 931
a 80 88 136
a 88 80 136
a 80 89 377
a 89 80 377
a 81 89 306
a 89 81 306
a 82 90 226
a 90 82 226
a 84 91 308
a 91 84 308
a 86 92 461
a 92 86 461
a 87 93 579
a 93 87 579
a 87 94 722
a 94 87 722
a 87 95 628
a 95 87 628
a 88 94 1201
a 94 88 1201
a 89 95 771
a 95 89 771
a 89 96 837
a 96 89 837
a 90 97 845
a 97 90 845
a 92 98 351
a 98 92 351
a 92 99 4881
a 99 92 4881
a 93 100 193
a 100 93 193
a 93 101 766
a 101 93 766
a 93 102 772
a 102 93 772
a 94 101 533
a 101 94 533
a 95 102 589
a 102 95 589
a 99 103 548
a 103 99 548
a 100 104 831
a 104 100 831
a 100 105 3495
a 105 100 3495
a 101 104 275
a 104 101 275
a 102 106 3486
a 106 102 3486
a 103 107 5454
a 107 103 5454
a 104 108 2888
a 108 104 2888
