c In this file, the DIMACS format is extended by allowing arcs of infinite weight.
c These are specified by "a U V inf", where U and V are vertex IDs.
p sp 171 426
a 1 2 833
a 2 1 833
a 1 3 1170
a 3 1 1170
a 1 4 1039
a 4 1 1039
a 2 5 794
a 5 2 794
a 2 6 1171
a 6 2 1171
a 3 7 591
a 7 3 591
a 3 8 1499
a 8 3 1499
a 3 9 792
a 9 3 792
a 4 10 1095
a 10 4 1095
a 4 11 348
a 11 4 348
a 4 12 818
a 12 4 818
a 5 13 845
a 13 5 845
a 5 14 1136
a 14 5 1136
a 6 7 243
a 7 6 243
a 6 14 698
a 14 6 698
a 7 15 1410
a 15 7 1410
a 8 15 796
a 15 8 796
a 8 16 704
a 16 8 704
a 9 11 138
a 11 9 138
a 9 16 1670
a 16 9 1670
a 11 17 781
a 17 11 781
a 12 17 628
a 17 12 628
a 12 18 821
a 18 12 821
a 12 19 807
a 19 12 807
a 13 20 783
a 20 13 783
a 13 21 1240
a 21 13 1240
a 14 21 832
a 21 14 832
a 14 22 1276
a 22 14 1276
a 15 22 701
a 22 15 701
a 15 23 418
a 23 15 418
a 16 24 780
a 24 16 780
a 16 25 139
a 25 16 139
a 17 24 1764
a 24 17 1764
a 18 26 4804
a 26 18 4804
a 18 27 2541
a 27 18 2541
a 18 28 1201
a 28 18 1201
a 20 29 878
a 29 20 878
a 20 30 1191
a 30 20 1191
a 21 30 838
a 30 21 838
a 21 31 1286
a 31 21 1286
a 22 32 669
a 32 22 669
a 23 33 180
a 33 23 180
a 24 34 1333
a 34 24 1333
a 25 35 664
a 35 25 664
a 26 36 835
a 36 26 835
a 26 37 2511
a 37 26 2511
a 26 38 1261
a 38 26 1261
a 27 39 1864
a 39 27 1864
a 28 40 523
a 40 28 523
a 29 41 1644
a 41 29 1644
a 29 42 1114
a 42 29 1114
a 30 41 746
a 41 30 746
a 30 43 1320
a 43 30 1320
a 31 32 103
a 32 31 103
a 31 43 844
a 43 31 844
a 32 44 496
a 44 32 496
a 33 45 751
a 45 33 751
a 34 35 717
a 35 34 717
a 34 39 711
a 39 34 711
a 34 46 2193
a 46 34 2193
a 35 47 917
a 47 35 917
a 36 48 3653
a 48 36 3653
a 36 49 1648
a 49 36 1648
a 37 50 3030
a 50 37 3030
a 38 51 1760
a 51 38 1760
a 39 52 1936
a 52 39 1936
a 39 53 3497
a 53 39 3497
a 41 54 1942
a 54 41 1942
a 41 55 1390
a 55 41 1390
a 42 56 743
a 56 42 743
a 43 55 794
a 55 43 794
a 44 57 376
a 57 44 376
a 45 46 937
a 46 45 937
a 45 47 552
a 47 45 552
a 45 58 923
a 58 45 923
a 46 59 7828
a 59 46 7828
a 47 60 630
a 60 47 630
a 48 61 1190
a 61 48 1190
a 48 62 3487
a 62 48 3487
a 50 63 247
a 63 50 247
a 51 64 742
a 64 51 742
a 52 65 854
a 65 52 854
a 53 66 232
a 66 53 232
a 54 56 1137
a 56 54 1137
a 54 67 438
a 67 54 438
a 54 68 1402
a 68 54 1402
a 55 68 1862
a 68 55 1862
a 56 69 687
a 69 56 687
a 57 58 470
a 58 57 470
a 57 70 1146
a 70 57 1146
a 58 71 903
a 71 58 903
a 59 72 1156
a 72 59 1156
a 59 73 2158
a 73 59 2158
a 59 74 671
a 74 59 671
a 61 75 4103
a 75 61 4103
a 61 76 4270
a 76 61 4270
a 62 76 1228
a 76 62 1228
a 62 77 904
a 77 62 904
a 63 78 243
a 78 63 243
a 64 78 7750
a 78 64 7750
a 64 79 103
a 79 64 103
a 64 80 3776
a 80 64 3776
a 65 81 670
a 81 65 670
a 66 82 416
a 82 66 416
a 68 83 582
a 83 68 582
a 68 84 502
a 84 68 502
a 69 85 381
a 85 69 381
a 70 86 834
a 86 70 834
a 70 87 1255
a 87 70 1255
a 71 87 686
a 87 71 686
a 71 88 216
a 88 71 216
a 72 89 311
a 89 72 311
a 72 90 1728
a 90 72 1728
a 72 91 681
a 91 72 681
a 73 74 1925
a 74 73 1925
a 73 92 1411
a 92 73 1411
a 74 93 3274
a 93 74 3274
a 74 94 742
a 94 74 742
a 75 95 99
a 95 75 99
a 75 96 1981
a 96 75 1981
a 75 97 800
a 97 75 800
a 76 98 2500
a 98 76 2500
a 78 99 395
a 99 78 395
a 79 100 623
a 100 79 623
a 79 101 3443
a 101 79 3443
a 81 102 687
a 102 81 687
a 81 103 1178
a 103 81 1178
a 82 104 760
a 104 82 760
a 84 105 394
a 105 84 394
a 86 105 1825
a 105 86 1825
a 86 106 1227
a 106 86 1227
a 87 106 841
a 106 87 841
a 88 107 3314
a 107 88 3314
a 88 108 619
a 108 88 619
a 89 109 3149
a 109 89 3149
a 89 110 612
a 110 89 612
a 90 111 3267
a 111 90 3267
a 92 110 2851
a 110 92 2851
a 92 112 511
a 112 92 511
a 93 112 744
a 112 93 744
a 93 113 4513
a 113 93 4513
a 93 114 779
a 114 93 779
a 94 115 1499
a 115 94 1499
a 94 116 939
a 116 94 939
a 95 117 1345
a 117 95 1345
a 96 118 784
a 118 96 784
a 96 119 248
a 119 96 248
a 97 120 3413
a 120 97 3413
a 97 121 854
a 121 97 854
a 98 122 2814
a 122 98 2814
a 98 123 1729
a 123 98 1729
a 99 124 1569
a 124 99 1569
a 99 125 266
a 125 99 266
a 100 126 1427
a 126 100 1427
a 100 127 1323
a 127 100 1323
a 101 127 3298
a 127 101 3298
a 101 128 2129
a 128 101 2129
a 102 129 1023
a 129 102 1023
a 102 130 2451
a 130 102 2451
a 103 131 687
a 131 103 687
a 103 132 344
a 132 103 344
a 104 133 325
a 133 104 325
a 105 134 153
a 134 105 153
a 106 135 1921
a 135 106 1921
a 107 136 989
a 136 107 989
a 107 137 611
a 137 107 611
a 108 138 1954
a 138 108 1954
a 108 139 335
a 139 108 335
a 109 140 3263
a 140 109 3263
a 109 141 2535
a 141 109 2535
a 109 142 1294
a 142 109 1294
a 110 142 2367
a 142 110 2367
a 111 143 892
a 143 111 892
a 112 144 2436
a 144 112 2436
a 112 145 2259
a 145 112 2259
a 113 146 2000
a 146 113 2000
a 114 147 2034
a 147 114 2034
a 114 148 2568
a 148 114 2568
a 114 149 702
a 149 114 702
a 115 133 1336
a 133 115 1336
a 116 148 108
a 148 116 108
a 117 150 1066
a 150 117 1066
a 118 121 864
a 121 118 864
a 118 151 2887
a 151 118 2887
a 118 152 794
a 152 118 794
a 120 153 13042
a 153 120 13042
a 120 154 562
a 154 120 562
a 120 155 656
a 155 120 656
a 121 154 3071
a 154 121 3071
a 123 156 7406
a 156 123 7406
a 124 157 871
a 157 124 871
a 124 158 628
a 158 124 628
a 125 159 2249
a 159 125 2249
a 126 159 3466
a 159 126 3466
a 126 160 3404
a 160 126 3404
a 127 161 2016
a 161 127 2016
a 128 162 1736
a 162 128 1736
a 128 163 1257
a 163 128 1257
a 129 132 950
a 132 129 950
a 129 164 238
a 164 129 238
a 130 165 1031
a 165 130 1031
a 130 166 1525
a 166 130 1525
a 131 163 335
a 163 131 335
a 132 167 754
a 167 132 754
a 134 135 1296
a 135 134 1296
a 134 168 693
a 168 134 693
a 135 169 192
a 169 135 192
a 136 170 875
a 170 136 875
a 136 171 646
a 171 136 646
a 139 143 1333
a 143 139 1333
a 151 154 727
a 154 151 727
a 159 160 542
a 160 159 542
a 163 167 1014
a 167 163 1014
