c In this file, the DIMACS format is extended by allowing arcs of infinite weight.
c These are specified by "a U V inf", where U and V are vertex IDs.
p sp 108 226
a 1 2 722
a 2 1 722
a 2 3 445
a 3 2 445
a 2 4 883
a 4 2 883
a 3 5 1259
a 5 3 1259
a 3 6 1706
a 6 3 1706
a 4 7 748
a 7 4 748
a 4 8 1368
a 8 4 1368
a 5 9 1163
a 9 5 1163
a 5 10 407
a 10 5 407
a 6 10 360
a 10 6 360
a 6 11 887
a 11 6 887
a 7 12 740
a 12 7 740
a 7 13 1115
a 13 7 1115
a 8 14 915
a 14 8 915
a 8 15 780
a 15 8 780
a 9 16 2894
a 16 9 2894
a 9 17 3524
a 17 9 3524
a 10 18 2663
a 18 10 2663
a 14 15 838
a 15 14 838
a 14 19 554
a 19 14 554
a 15 20 527
a 20 15 527
a 16 18 1061
a 18 16 1061
a 16 21 3913
a 21 16 3913
a 18 22 1018
a 22 18 1018
a 21 23 2139
a 23 21 2139
a 22 24 1988
a 24 22 1988
a 22 25 2096
a 25 22 2096
a 23 26 3626
a 26 23 3626
a 24 27 1625
a 27 24 1625
a 24 28 610
a 28 24 610
a 25 29 3317
a 29 25 3317
a 26 30 1668
a 30 26 1668
a 26 31 736
a 31 26 736
a 27 32 3740
a 32 27 3740
a 27 33 555
a 33 27 555
a 28 34 1087
a 34 28 1087
a 29 35 2488
a 35 29 2488
a 29 36 579
a 36 29 579
a 30 37 3146
a 37 30 3146
a 30 38 587
a 38 30 587
a 31 39 811
a 39 31 811
a 32 40 1565
a 40 32 1565
a 33 41 770
a 41 33 770
a 33 42 2300
a 42 33 2300
a 34 42 1198
a 42 34 1198
a 34 43 950
a 43 34 950
a 35 44 1147
a 44 35 1147
a 35 45 1605
a 45 35 1605
a 36 46 2217
a 46 36 2217
a 37 47 4075
a 47 37 4075
a 37 48 3800
a 48 37 3800
a 37 49 1358
a 49 37 1358
a 38 50 722
a 50 38 722
a 38 51 309
a 51 38 309
a 39 52 1932
a 52 39 1932
a 40 53 1959
a 53 40 1959
a 40 54 7333
a 54 40 7333
a 42 55 1508
a 55 42 1508
a 44 56 3857
a 56 44 3857
a 44 57 663
a 57 44 663
a 45 58 839
a 58 45 839
a 45 59 1890
a 59 45 1890
a 46 60 692
a 60 46 692
a 47 61 1891
a 61 47 1891
a 48 62 1484
a 62 48 1484
a 48 63 779
a 63 48 779
a 49 64 707
a 64 49 707
a 49 65 765
a 65 49 765
a 50 66 482
a 66 50 482
a 51 67 789
a 67 51 789
a 51 68 1311
a 68 51 1311
a 52 69 5447
a 69 52 5447
a 53 70 2335
a 70 53 2335
a 54 71 2459
a 71 54 2459
a 54 72 1108
a 72 54 1108
a 55 73 753
a 73 55 753
a 55 74 408
a 74 55 408
a 56 75 1194
a 75 56 1194
a 56 76 1084
a 76 56 1084
a 56 77 1495
a 77 56 1495
a 57 58 1082
a 58 57 1082
a 57 78 832
a 78 57 832
a 58 79 494
a 79 58 494
a 61 80 1539
a 80 61 1539
a 61 81 4433
a 81 61 4433
a 62 82 2783
a 82 62 2783
a 62 83 793
a 83 62 793
a 63 84 1080
a 84 63 1080
a 63 85 1139
a 85 63 1139
a 64 86 1612
a 86 64 1612
a 65 87 1594
a 87 65 1594
a 65 88 1564
a 88 65 1564
a 67 89 1175
a 89 67 1175
a 69 90 4528
a 90 69 4528
a 69 91 1493
a 91 69 1493
a 69 92 1526
a 92 69 1526
a 70 93 4910
a 93 70 4910
a 70 94 793
a 94 70 793
a 71 95 838
a 95 71 838
a 71 96 3096
a 96 71 3096
a 75 97 900
a 97 75 900
a 76 98 1444
a 98 76 1444
a 76 99 1660
a 99 76 1660
a 77 100 1002
a 100 77 1002
a 77 101 1935
a 101 77 1935
a 77 102 4289
a 102 77 4289
a 80 103 423
a 103 80 423
a 81 104 1980
a 104 81 1980
a 82 105 2810
a 105 82 2810
a 83 106 1440
a 106 83 1440
a 83 107 1540
a 107 83 1540
a 84 108 668
a 108 84 668
a 97 101 985
a 101 97 985
