c In this file, the DIMACS format is extended by allowing arcs of infinite weight.
c These are specified by "a U V inf", where U and V are vertex IDs.
p sp 108 290
a 1 2 1885
a 2 1 1885
a 1 3 1965
a 3 1 1965
a 2 4 879
a 4 2 879
a 2 5 782
a 5 2 782
a 2 6 1883
a 6 2 1883
a 2 7 713
a 7 2 713
a 3 8 807
a 8 3 807
a 3 9 822
a 9 3 822
a 3 10 1708
a 10 3 1708
a 4 11 1153
a 11 4 1153
a 4 12 1848
a 12 4 1848
a 4 13 92
a 13 4 92
a 5 14 1055
a 14 5 1055
a 5 15 1694
a 15 5 1694
a 6 15 1055
a 15 6 1055
a 6 16 556
a 16 6 556
a 6 17 1694
a 17 6 1694
a 7 18 1117
a 18 7 1117
a 7 19 537
a 19 7 537
a 8 20 1346
a 20 8 1346
a 8 21 3479
a 21 8 3479
a 9 22 2251
a 22 9 2251
a 9 23 65
a 23 9 65
a 10 24 200
a 24 10 200
a 10 25 828
a 25 10 828
a 11 26 517
a 26 11 517
a 11 27 1140
a 27 11 1140
a 11 28 217
a 28 11 217
a 12 29 253
a 29 12 253
a 12 30 766
a 30 12 766
a 13 21 252
a 21 13 252
a 14 30 562
a 30 14 562
a 14 31 1883
a 31 14 1883
a 15 31 782
a 31 15 782
a 15 32 1772
a 32 15 1772
a 16 18 552
a 18 16 552
a 16 33 445
a 33 16 445
a 16 34 1824
a 34 16 1824
a 17 32 581
a 32 17 581
a 17 34 688
a 34 17 688
a 17 35 1184
a 35 17 1184
a 19 36 337
a 36 19 337
a 19 37 1685
a 37 19 1685
a 20 22 837
a 22 20 837
a 20 38 738
a 38 20 738
a 20 39 3227
a 39 20 3227
a 22 40 404
a 40 22 404
a 22 41 475
a 41 22 475
a 23 42 533
a 42 23 533
a 23 43 711
a 43 23 711
a 24 44 525
a 44 24 525
a 25 45 1221
a 45 25 1221
a 25 46 2088
a 46 25 2088
a 26 47 552
a 47 26 552
a 26 48 168
a 48 26 168
a 27 29 517
a 29 27 517
a 27 49 337
a 49 27 337
a 28 39 235
a 39 28 235
a 29 50 1458
a 50 29 1458
a 30 50 2014
a 50 30 2014
a 30 51 1307
a 51 30 1307
a 31 52 672
a 52 31 672
a 31 53 1717
a 53 31 1717
a 32 53 1014
a 53 32 1014
a 32 54 1987
a 54 32 1987
a 33 55 445
a 55 33 445
a 34 35 1275
a 35 34 1275
a 34 56 474
a 56 34 474
a 35 57 709
a 57 35 709
a 36 58 1447
a 58 36 1447
a 36 59 605
a 59 36 605
a 38 48 3207
a 48 38 3207
a 38 60 837
a 60 38 837
a 40 60 337
a 60 40 337
a 40 61 1725
a 61 40 1725
a 41 42 2083
a 42 41 2083
a 41 62 612
a 62 41 612
a 42 62 2208
a 62 42 2208
a 43 44 514
a 44 43 514
a 44 63 856
a 63 44 856
a 45 64 1080
a 64 45 1080
a 45 65 2531
a 65 45 2531
a 46 65 253
a 65 46 253
a 46 66 1074
a 66 46 1074
a 47 67 355
a 67 47 355
a 47 68 139
a 68 47 139
a 49 69 924
a 69 49 924
a 49 70 1436
a 70 49 1436
a 50 71 3171
a 71 50 3171
a 51 52 600
a 52 51 600
a 51 72 3629
a 72 51 3629
a 52 73 1396
a 73 52 1396
a 52 74 953
a 74 52 953
a 53 75 672
a 75 53 672
a 53 76 1966
a 76 53 1966
a 54 57 672
a 57 54 672
a 54 76 905
a 76 54 905
a 54 77 1717
a 77 54 1717
a 55 59 612
a 59 55 612
a 55 78 476
a 78 55 476
a 56 78 1275
a 78 56 1275
a 56 79 789
a 79 56 789
a 57 80 778
a 80 57 778
a 57 81 1783
a 81 57 1783
a 59 82 807
a 82 59 807
a 59 83 697
a 83 59 697
a 60 84 276
a 84 60 276
a 61 85 590
a 85 61 590
a 61 86 590
a 86 61 590
a 62 86 337
a 86 62 337
a 63 87 421
a 87 63 421
a 63 88 677
a 88 63 677
a 63 89 1816
a 89 63 1816
a 64 90 2422
a 90 64 2422
a 65 90 940
a 90 65 940
a 66 82 810
a 82 66 810
a 66 91 1611
a 91 66 1611
a 67 70 677
a 70 67 677
a 67 92 337
a 92 67 337
a 68 93 4008
a 93 68 4008
a 69 94 1683
a 94 69 1683
a 69 95 2106
a 95 69 2106
a 70 96 421
a 96 70 421
a 71 97 1133
a 97 71 1133
a 72 98 1211
a 98 72 1211
a 72 99 940
a 99 72 940
a 73 100 1255
a 100 73 1255
a 73 101 2104
a 101 73 2104
a 74 75 766
a 75 74 766
a 74 102 2468
a 102 74 2468
a 75 103 436
a 103 75 436
a 76 104 688
a 104 76 688
a 76 105 1800
a 105 76 1800
a 77 81 796
a 81 77 796
a 77 105 893
a 105 77 893
a 77 106 1966
a 106 77 1966
a 79 107 677
a 107 79 677
a 79 108 175
a 108 79 175
a 82 107 1346
a 107 82 1346
a 84 85 2042
a 85 84 2042
a 84 93 276
a 93 84 276
a 94 95 1394
a 95 94 1394
a 99 100 1303
a 100 99 1303
a 101 102 1104
a 102 101 1104
a 103 104 1449
a 104 103 1449
