c In this file, the DIMACS format is extended by allowing arcs of infinite weight.
c These are specified by "a U V inf", where U and V are vertex IDs.
p sp 2000 4768
a 1 2 722
a 2 1 722
a 2 3 445
a 3 2 445
a 2 4 883
a 4 2 883
a 3 5 1259
a 5 3 1259
a 3 6 1706
a 6 3 1706
a 4 7 748
a 7 4 748
a 4 8 1368
a 8 4 1368
a 5 9 1163
a 9 5 1163
a 5 10 407
a 10 5 407
a 6 10 360
a 10 6 360
a 6 11 887
a 11 6 887
a 7 12 740
a 12 7 740
a 7 13 1115
a 13 7 1115
a 8 14 915
a 14 8 915
a 8 15 780
a 15 8 780
a 9 16 2894
a 16 9 2894
a 9 17 3524
a 17 9 3524
a 10 18 2663
a 18 10 2663
a 14 15 838
a 15 14 838
a 14 19 554
a 19 14 554
a 15 20 527
a 20 15 527
a 16 18 1061
a 18 16 1061
a 16 21 3913
a 21 16 3913
a 18 22 1018
a 22 18 1018
a 21 23 2139
a 23 21 2139
a 22 24 1988
a 24 22 1988
a 22 25 2096
a 25 22 2096
a 23 26 3626
a 26 23 3626
a 24 27 1625
a 27 24 1625
a 24 28 610
a 28 24 610
a 25 29 3317
a 29 25 3317
a 26 30 1668
a 30 26 1668
a 26 31 736
a 31 26 736
a 27 32 3740
a 32 27 3740
a 27 33 555
a 33 27 555
a 28 34 1087
a 34 28 1087
a 29 35 2488
a 35 29 2488
a 29 36 579
a 36 29 579
a 30 37 3146
a 37 30 3146
a 30 38 587
a 38 30 587
a 31 39 811
a 39 31 811
a 32 40 1565
a 40 32 1565
a 33 41 770
a 41 33 770
a 33 42 2300
a 42 33 2300
a 34 42 1198
a 42 34 1198
a 34 43 950
a 43 34 950
a 35 44 1147
a 44 35 1147
a 35 45 1605
a 45 35 1605
a 36 46 2217
a 46 36 2217
a 37 47 4075
a 47 37 4075
a 37 48 3800
a 48 37 3800
a 37 49 1358
a 49 37 1358
a 38 50 722
a 50 38 722
a 38 51 309
a 51 38 309
a 39 52 1932
a 52 39 1932
a 40 53 1959
a 53 40 1959
a 40 54 7333
a 54 40 7333
a 42 55 1508
a 55 42 1508
a 44 56 3857
a 56 44 3857
a 44 57 663
a 57 44 663
a 45 58 839
a 58 45 839
a 45 59 1890
a 59 45 1890
a 46 60 692
a 60 46 692
a 47 61 1891
a 61 47 1891
a 48 62 1484
a 62 48 1484
a 48 63 779
a 63 48 779
a 49 64 707
a 64 49 707
a 49 65 765
a 65 49 765
a 50 66 482
a 66 50 482
a 51 67 789
a 67 51 789
a 51 68 1311
a 68 51 1311
a 52 69 5447
a 69 52 5447
a 53 70 2335
a 70 53 2335
a 54 71 2459
a 71 54 2459
a 54 72 1108
a 72 54 1108
a 55 73 753
a 73 55 753
a 55 74 408
a 74 55 408
a 56 75 1194
a 75 56 1194
a 56 76 1084
a 76 56 1084
a 56 77 1495
a 77 56 1495
a 57 58 1082
a 58 57 1082
a 57 78 832
a 78 57 832
a 58 79 494
a 79 58 494
a 61 80 1539
a 80 61 1539
a 61 81 4433
a 81 61 4433
a 62 82 2783
a 82 62 2783
a 62 83 793
a 83 62 793
a 63 84 1080
a 84 63 1080
a 63 85 1139
a 85 63 1139
a 64 86 1612
a 86 64 1612
a 65 87 1594
a 87 65 1594
a 65 88 1564
a 88 65 1564
a 67 89 1175
a 89 67 1175
a 69 90 4528
a 90 69 4528
a 69 91 1493
a 91 69 1493
a 69 92 1526
a 92 69 1526
a 70 93 4910
a 93 70 4910
a 70 94 793
a 94 70 793
a 71 95 838
a 95 71 838
a 71 96 3096
a 96 71 3096
a 75 97 900
a 97 75 900
a 76 98 1444
a 98 76 1444
a 76 99 1660
a 99 76 1660
a 77 100 1002
a 100 77 1002
a 77 101 1935
a 101 77 1935
a 77 102 4289
a 102 77 4289
a 80 103 423
a 103 80 423
a 81 104 1980
a 104 81 1980
a 82 105 2810
a 105 82 2810
a 83 106 1440
a 106 83 1440
a 83 107 1540
a 107 83 1540
a 84 108 668
a 108 84 668
a 84 109 420
a 109 84 420
a 85 110 646
a 110 85 646
a 86 111 1073
a 111 86 1073
a 86 112 1068
a 112 86 1068
a 87 113 743
a 113 87 743
a 88 114 937
a 114 88 937
a 88 115 1461
a 115 88 1461
a 89 116 947
a 116 89 947
a 89 117 651
a 117 89 651
a 89 118 1401
a 118 89 1401
a 90 119 4127
a 119 90 4127
a 90 120 668
a 120 90 668
a 90 121 2802
a 121 90 2802
a 93 122 725
a 122 93 725
a 94 123 937
a 123 94 937
a 94 124 887
a 124 94 887
a 95 125 1809
a 125 95 1809
a 95 126 522
a 126 95 522
a 96 127 1401
a 127 96 1401
a 97 101 985
a 101 97 985
a 97 128 174
a 128 97 174
a 98 129 280
a 129 98 280
a 98 130 1473
a 130 98 1473
a 100 131 1185
a 131 100 1185
a 100 132 2712
a 132 100 2712
a 101 133 129
a 133 101 129
a 103 134 1040
a 134 103 1040
a 104 135 520
a 135 104 520
a 104 136 1334
a 136 104 1334
a 104 137 1696
a 137 104 1696
a 105 138 1357
a 138 105 1357
a 106 139 885
a 139 106 885
a 106 140 1149
a 140 106 1149
a 107 140 1476
a 140 107 1476
a 107 141 1189
a 141 107 1189
a 109 110 2155
a 110 109 2155
a 109 142 1179
a 142 109 1179
a 110 143 647
a 143 110 647
a 111 144 810
a 144 111 810
a 111 145 188
a 145 111 188
a 112 146 580
a 146 112 580
a 112 147 2108
a 147 112 2108
a 115 148 586
a 148 115 586
a 115 149 1039
a 149 115 1039
a 116 150 83
a 150 116 83
a 118 151 941
a 151 118 941
a 118 152 874
a 152 118 874
a 119 153 617
a 153 119 617
a 119 154 2338
a 154 119 2338
a 120 155 548
a 155 120 548
a 121 156 10106
a 156 121 10106
a 121 157 11078
a 157 121 11078
a 122 158 391
a 158 122 391
a 122 159 1029
a 159 122 1029
a 123 160 970
a 160 123 970
a 123 161 579
a 161 123 579
a 125 162 336
a 162 125 336
a 126 163 2244
a 163 126 2244
a 126 164 1204
a 164 126 1204
a 127 131 4032
a 131 127 4032
a 127 165 1597
a 165 127 1597
a 128 166 1852
a 166 128 1852
a 129 167 1047
a 167 129 1047
a 131 168 1927
a 168 131 1927
a 132 169 366
a 169 132 366
a 132 170 586
a 170 132 586
a 132 171 302
a 171 132 302
a 133 172 836
a 172 133 836
a 134 173 445
a 173 134 445
a 134 174 94
a 174 134 94
a 135 175 1022
a 175 135 1022
a 136 176 1234
a 176 136 1234
a 136 177 931
a 177 136 931
a 137 178 1983
a 178 137 1983
a 137 179 907
a 179 137 907
a 138 180 3783
a 180 138 3783
a 140 181 1434
a 181 140 1434
a 141 181 1358
a 181 141 1358
a 141 182 1077
a 182 141 1077
a 142 183 1183
a 183 142 1183
a 142 184 1586
a 184 142 1586
a 144 185 304
a 185 144 304
a 144 186 609
a 186 144 609
a 145 187 154
a 187 145 154
a 145 188 310
a 188 145 310
a 145 189 325
a 189 145 325
a 146 190 166
a 190 146 166
a 146 191 490
a 191 146 490
a 147 192 629
a 192 147 629
a 147 193 3372
a 193 147 3372
a 148 194 412
a 194 148 412
a 148 195 833
a 195 148 833
a 149 196 326
a 196 149 326
a 151 197 182
a 197 151 182
a 151 198 542
a 198 151 542
a 152 199 1222
a 199 152 1222
a 152 200 669
a 200 152 669
a 153 201 990
a 201 153 990
a 154 202 1608
a 202 154 1608
a 154 203 1334
a 203 154 1334
a 155 204 2835
a 204 155 2835
a 155 205 2161
a 205 155 2161
a 156 206 6400
a 206 156 6400
a 157 207 812
a 207 157 812
a 158 208 813
a 208 158 813
a 158 209 3585
a 209 158 3585
a 159 210 3259
a 210 159 3259
a 159 211 848
a 211 159 848
a 160 212 1095
a 212 160 1095
a 162 213 753
a 213 162 753
a 162 214 1438
a 214 162 1438
a 164 215 3549
a 215 164 3549
a 164 216 2291
a 216 164 2291
a 165 217 623
a 217 165 623
a 165 218 809
a 218 165 809
a 166 219 2351
a 219 166 2351
a 166 220 893
a 220 166 893
a 167 221 572
a 221 167 572
a 167 222 862
a 222 167 862
a 168 223 182
a 223 168 182
a 168 224 1079
a 224 168 1079
a 169 225 66
a 225 169 66
a 173 174 434
a 174 173 434
a 173 226 607
a 226 173 607
a 173 227 279
a 227 173 279
a 174 226 425
a 226 174 425
a 174 228 1158
a 228 174 1158
a 175 229 1016
a 229 175 1016
a 176 230 1443
a 230 176 1443
a 176 231 1114
a 231 176 1114
a 178 232 1235
a 232 178 1235
a 178 233 1312
a 233 178 1312
a 179 234 1689
a 234 179 1689
a 180 235 1208
a 235 180 1208
a 181 236 956
a 236 181 956
a 182 236 1561
a 236 182 1561
a 182 237 2248
a 237 182 2248
a 183 238 1346
a 238 183 1346
a 183 239 298
a 239 183 298
a 185 240 216
a 240 185 216
a 185 241 412
a 241 185 412
a 190 242 635
a 242 190 635
a 192 243 838
a 243 192 838
a 193 244 836
a 244 193 836
a 193 245 1963
a 245 193 1963
a 194 246 1174
a 246 194 1174
a 194 247 926
a 247 194 926
a 195 248 125
a 248 195 125
a 199 249 1178
a 249 199 1178
a 199 250 754
a 250 199 754
a 200 251 458
a 251 200 458
a 201 252 1852
a 252 201 1852
a 202 253 1189
a 253 202 1189
a 202 254 860
a 254 202 860
a 203 255 2519
a 255 203 2519
a 203 256 1336
a 256 203 1336
a 204 257 495
a 257 204 495
a 205 258 2202
a 258 205 2202
a 205 259 1427
a 259 205 1427
a 207 260 8110
a 260 207 8110
a 207 261 1139
a 261 207 1139
a 208 262 321
a 262 208 321
a 208 263 1578
a 263 208 1578
a 209 264 1225
a 264 209 1225
a 209 265 2433
a 265 209 2433
a 210 266 1475
a 266 210 1475
a 210 267 2798
a 267 210 2798
a 213 214 1084
a 214 213 1084
a 213 268 4018
a 268 213 4018
a 214 269 1945
a 269 214 1945
a 215 270 10590
a 270 215 10590
a 215 271 2156
a 271 215 2156
a 215 272 1252
a 272 215 1252
a 218 273 520
a 273 218 520
a 218 274 2160
a 274 218 2160
a 219 275 2427
a 275 219 2427
a 219 276 1752
a 276 219 1752
a 220 277 2652
a 277 220 2652
a 220 278 374
a 278 220 374
a 221 279 2447
a 279 221 2447
a 221 280 2258
a 280 221 2258
a 223 281 1384
a 281 223 1384
a 224 282 884
a 282 224 884
a 224 283 1103
a 283 224 1103
a 225 284 2566
a 284 225 2566
a 226 285 508
a 285 226 508
a 227 286 452
a 286 227 452
a 228 287 672
a 287 228 672
a 229 288 1124
a 288 229 1124
a 229 289 508
a 289 229 508
a 229 290 2894
a 290 229 2894
a 231 291 672
a 291 231 672
a 231 292 770
a 292 231 770
a 233 293 202
a 293 233 202
a 234 244 1513
a 244 234 1513
a 235 294 1010
a 294 235 1010
a 236 295 1232
a 295 236 1232
a 237 296 1741
a 296 237 1741
a 237 297 405
a 297 237 405
a 240 298 241
a 298 240 241
a 240 299 416
a 299 240 416
a 240 300 498
a 300 240 498
a 241 299 284
a 299 241 284
a 241 301 581
a 301 241 581
a 242 301 525
a 301 242 525
a 243 302 633
a 302 243 633
a 244 303 766
a 303 244 766
a 245 254 681
a 254 245 681
a 245 304 941
a 304 245 941
a 247 250 1097
a 250 247 1097
a 247 305 925
a 305 247 925
a 249 306 682
a 306 249 682
a 250 307 1415
a 307 250 1415
a 251 308 427
a 308 251 427
a 252 309 1133
a 309 252 1133
a 253 310 1741
a 310 253 1741
a 253 311 1332
a 311 253 1332
a 254 312 1236
a 312 254 1236
a 255 313 812
a 313 255 812
a 255 314 539
a 314 255 539
a 256 315 848
a 315 256 848
a 256 316 1824
a 316 256 1824
a 257 258 1550
a 258 257 1550
a 257 317 2203
a 317 257 2203
a 258 318 3179
a 318 258 3179
a 260 319 2872
a 319 260 2872
a 260 320 4090
a 320 260 4090
a 260 321 1347
a 321 260 1347
a 261 322 2732
a 322 261 2732
a 261 323 588
a 323 261 588
a 262 324 1196
a 324 262 1196
a 262 325 1653
a 325 262 1653
a 264 326 3262
a 326 264 3262
a 264 327 1949
a 327 264 1949
a 265 268 1088
a 268 265 1088
a 265 328 1162
a 328 265 1162
a 266 329 1360
a 329 266 1360
a 266 330 834
a 330 266 834
a 267 330 1690
a 330 267 1690
a 267 331 2644
a 331 267 2644
a 268 327 1414
a 327 268 1414
a 269 332 981
a 332 269 981
a 269 333 1529
a 333 269 1529
a 270 327 677
a 327 270 677
a 270 334 1279
a 334 270 1279
a 271 272 2672
a 272 271 2672
a 271 335 3091
a 335 271 3091
a 272 336 2203
a 336 272 2203
a 274 336 3476
a 336 274 3476
a 274 337 3126
a 337 274 3126
a 275 338 672
a 338 275 672
a 275 339 76
a 339 275 76
a 276 340 3163
a 340 276 3163
a 276 341 1505
a 341 276 1505
a 276 342 848
a 342 276 848
a 277 343 2294
a 343 277 2294
a 277 344 1344
a 344 277 1344
a 278 344 3266
a 344 278 3266
a 278 345 633
a 345 278 633
a 279 346 2520
a 346 279 2520
a 279 347 1560
a 347 279 1560
a 280 348 1068
a 348 280 1068
a 280 349 1268
a 349 280 1268
a 280 350 1241
a 350 280 1241
a 281 339 1539
a 339 281 1539
a 281 351 1216
a 351 281 1216
a 284 352 550
a 352 284 550
a 285 353 677
a 353 285 677
a 286 354 452
a 354 286 452
a 287 355 688
a 355 287 688
a 288 356 782
a 356 288 782
a 289 357 1022
a 357 289 1022
a 290 358 667
a 358 290 667
a 291 359 1683
a 359 291 1683
a 291 360 889
a 360 291 889
a 293 361 356
a 361 293 356
a 293 362 654
a 362 293 654
a 294 363 8712
a 363 294 8712
a 294 364 1127
a 364 294 1127
a 294 365 7338
a 365 294 7338
a 295 366 611
a 366 295 611
a 295 367 478
a 367 295 478
a 296 367 3655
a 367 296 3655
a 296 368 989
a 368 296 989
a 301 369 387
a 369 301 387
a 302 370 782
a 370 302 782
a 303 371 1434
a 371 303 1434
a 303 372 827
a 372 303 827
a 304 373 2353
a 373 304 2353
a 304 374 708
a 374 304 708
a 305 375 871
a 375 305 871
a 305 376 465
a 376 305 465
a 306 377 772
a 377 306 772
a 306 378 850
a 378 306 850
a 307 379 192
a 379 307 192
a 309 380 791
a 380 309 791
a 310 381 2299
a 381 310 2299
a 310 382 1234
a 382 310 1234
a 311 313 582
a 313 311 582
a 313 383 1691
a 383 313 1691
a 314 315 559
a 315 314 559
a 314 384 1396
a 384 314 1396
a 315 385 2333
a 385 315 2333
a 316 386 1969
a 386 316 1969
a 317 387 1242
a 387 317 1242
a 317 388 214
a 388 317 214
a 318 389 1810
a 389 318 1810
a 318 390 1874
a 390 318 1874
a 319 391 140
a 391 319 140
a 320 392 1358
a 392 320 1358
a 321 393 1729
a 393 321 1729
a 322 323 2215
a 323 322 2215
a 322 394 202
a 394 322 202
a 323 395 1070
a 395 323 1070
a 324 326 824
a 326 324 824
a 324 396 1583
a 396 324 1583
a 326 397 3252
a 397 326 3252
a 328 332 2679
a 332 328 2679
a 330 398 666
a 398 330 666
a 331 365 728
a 365 331 728
a 331 399 936
a 399 331 936
a 332 400 1358
a 400 332 1358
a 334 401 14
a 401 334 14
a 335 402 255
a 402 335 255
a 335 403 2353
a 403 335 2353
a 336 404 690
a 404 336 690
a 336 405 3059
a 405 336 3059
a 337 406 2072
a 406 337 2072
a 337 407 422
a 407 337 422
a 337 408 828
a 408 337 828
a 338 341 3237
a 341 338 3237
a 338 409 2508
a 409 338 2508
a 339 351 2087
a 351 339 2087
a 340 410 421
a 410 340 421
a 341 411 2224
a 411 341 2224
a 342 412 1162
a 412 342 1162
a 342 413 630
a 413 342 630
a 344 414 1279
a 414 344 1279
a 345 414 3616
a 414 345 3616
a 345 415 1394
a 415 345 1394
a 346 416 2425
a 416 346 2425
a 346 417 846
a 417 346 846
a 347 418 3494
a 418 347 3494
a 347 419 945
a 419 347 945
a 351 420 309
a 420 351 309
a 352 421 926
a 421 352 926
a 352 422 814
a 422 352 814
a 352 423 735
a 423 352 735
a 353 424 603
a 424 353 603
a 354 425 2347
a 425 354 2347
a 355 356 1248
a 356 355 1248
a 357 426 2101
a 426 357 2101
a 357 427 2262
a 427 357 2262
a 357 428 562
a 428 357 562
a 358 429 3557
a 429 358 3557
a 359 360 1359
a 360 359 1359
a 359 430 476
a 430 359 476
a 360 431 1222
a 431 360 1222
a 361 432 978
a 432 361 978
a 362 433 340
a 433 362 340
a 363 434 2115
a 434 363 2115
a 363 435 1592
a 435 363 1592
a 363 436 2057
a 436 363 2057
a 364 437 9844
a 437 364 9844
a 365 438 712
a 438 365 712
a 367 439 712
a 439 367 712
a 368 439 3715
a 439 368 3715
a 368 440 405
a 440 368 405
a 370 441 1559
a 441 370 1559
a 371 442 409
a 442 371 409
a 372 443 1352
a 443 372 1352
a 372 444 598
a 444 372 598
a 373 374 1660
a 374 373 1660
a 373 441 1133
a 441 373 1133
a 374 445 1337
a 445 374 1337
a 375 446 300
a 446 375 300
a 375 447 304
a 447 375 304
a 376 380 924
a 380 376 924
a 376 448 1413
a 448 376 1413
a 379 449 211
a 449 379 211
a 379 450 185
a 450 379 185
a 380 451 631
a 451 380 631
a 381 452 513
a 452 381 513
a 381 453 554
a 453 381 554
a 382 383 925
a 383 382 925
a 382 454 875
a 454 382 875
a 383 455 734
a 455 383 734
a 384 456 419
a 456 384 419
a 384 457 713
a 457 384 713
a 385 386 855
a 386 385 855
a 385 457 1270
a 457 385 1270
a 386 458 672
a 458 386 672
a 387 389 676
a 389 387 676
a 387 459 77
a 459 387 77
a 388 460 475
a 460 388 475
a 389 461 1225
a 461 389 1225
a 391 462 1259
a 462 391 1259
a 392 418 2234
a 418 392 2234
a 393 463 1359
a 463 393 1359
a 393 464 1816
a 464 393 1816
a 394 465 4159
a 465 394 4159
a 394 466 1286
a 466 394 1286
a 395 466 2137
a 466 395 2137
a 395 467 1335
a 467 395 1335
a 397 399 1023
a 399 397 1023
a 397 468 819
a 468 397 819
a 399 469 856
a 469 399 856
a 401 403 7118
a 403 401 7118
a 402 470 508
a 470 402 508
a 402 471 1776
a 471 402 1776
a 403 472 1690
a 472 403 1690
a 404 473 624
a 473 404 624
a 404 474 507
a 474 404 507
a 405 475 469
a 475 405 469
a 405 476 2477
a 476 405 2477
a 406 477 757
a 477 406 757
a 407 478 812
a 478 407 812
a 409 479 419
a 479 409 419
a 409 480 475
a 480 409 475
a 410 481 1004
a 481 410 1004
a 411 480 2430
a 480 411 2430
a 411 482 1039
a 482 411 1039
a 412 483 1397
a 483 412 1397
a 412 484 539
a 484 412 539
a 413 484 1715
a 484 413 1715
a 413 485 856
a 485 413 856
a 414 486 882
a 486 414 882
a 415 483 512
a 483 415 512
a 415 486 3938
a 486 415 3938
a 416 487 490
a 487 416 490
a 416 488 764
a 488 416 764
a 417 489 1314
a 489 417 1314
a 417 490 1044
a 490 417 1044
a 418 491 1758
a 491 418 1758
a 419 492 2163
a 492 419 2163
a 419 493 1312
a 493 419 1312
a 419 494 754
a 494 419 754
a 421 495 986
a 495 421 986
a 421 496 910
a 496 421 910
a 421 497 848
a 497 421 848
a 424 498 2454
a 498 424 2454
a 424 499 2549
a 499 424 2549
a 425 500 1234
a 500 425 1234
a 426 501 1122
a 501 426 1122
a 427 502 649
a 502 427 649
a 429 503 374
a 503 429 374
a 430 431 1360
a 431 430 1360
a 431 504 556
a 504 431 556
a 432 505 1402
a 505 432 1402
a 432 506 853
a 506 432 853
a 434 507 3736
a 507 434 3736
a 434 508 3773
a 508 434 3773
a 435 509 568
a 509 435 568
a 435 510 1454
a 510 435 1454
a 436 510 4190
a 510 436 4190
a 436 511 2691
a 511 436 2691
a 437 512 6055
a 512 437 6055
a 437 513 7241
a 513 437 7241
a 437 514 562
a 514 437 562
a 438 511 1543
a 511 438 1543
a 438 515 3065
a 515 438 3065
a 439 516 1308
a 516 439 1308
a 440 517 1257
a 517 440 1257
a 441 451 971
a 451 441 971
a 443 452 1746
a 452 443 1746
a 443 518 1237
a 518 443 1237
a 448 519 407
a 519 448 407
a 448 520 181
a 520 448 181
a 451 521 1415
a 521 451 1415
a 452 522 1567
a 522 452 1567
a 453 523 2370
a 523 453 2370
a 453 524 1608
a 524 453 1608
a 455 525 200
a 525 455 200
a 455 526 842
a 526 455 842
a 456 525 1270
a 525 456 1270
a 456 527 675
a 527 456 675
a 457 528 611
a 528 457 611
a 459 529 230
a 529 459 230
a 459 530 421
a 530 459 421
a 461 531 1095
a 531 461 1095
a 461 532 1432
a 532 461 1432
a 462 533 87
a 533 462 87
a 462 534 1642
a 534 462 1642
a 462 535 1203
a 535 462 1203
a 463 536 1443
a 536 463 1443
a 463 537 892
a 537 463 892
a 464 537 1227
a 537 464 1227
a 464 538 1118
a 538 464 1118
a 465 539 2127
a 539 465 2127
a 465 540 1067
a 540 465 1067
a 465 541 570
a 541 465 570
a 466 467 802
a 467 466 802
a 467 542 654
a 542 467 654
a 468 469 1001
a 469 468 1001
a 468 543 1383
a 543 468 1383
a 469 543 1328
a 543 469 1328
a 470 544 667
a 544 470 667
a 470 545 824
a 545 470 824
a 471 546 314
a 546 471 314
a 473 547 565
a 547 473 565
a 473 548 728
a 548 473 728
a 473 549 946
a 549 473 946
a 475 550 1131
a 550 475 1131
a 475 551 535
a 551 475 535
a 476 552 2727
a 552 476 2727
a 478 553 645
a 553 478 645
a 478 554 804
a 554 478 804
a 479 555 1750
a 555 479 1750
a 480 556 688
a 556 480 688
a 481 557 1977
a 557 481 1977
a 481 558 1414
a 558 481 1414
a 483 559 2118
a 559 483 2118
a 484 559 892
a 559 484 892
a 486 559 2039
a 559 486 2039
a 487 560 844
a 560 487 844
a 487 561 1865
a 561 487 1865
a 489 562 2379
a 562 489 2379
a 489 563 1568
a 563 489 1568
a 490 564 380
a 564 490 380
a 490 565 1299
a 565 490 1299
a 491 566 2330
a 566 491 2330
a 491 567 1353
a 567 491 1353
a 492 568 998
a 568 492 998
a 492 569 2490
a 569 492 2490
a 492 570 1050
a 570 492 1050
a 495 571 1101
a 571 495 1101
a 495 572 954
a 572 495 954
a 495 573 1251
a 573 495 1251
a 498 574 3699
a 574 498 3699
a 498 575 333
a 575 498 333
a 498 576 1675
a 576 498 1675
a 499 502 354
a 502 499 354
a 500 516 1039
a 516 500 1039
a 500 577 445
a 577 500 445
a 501 578 423
a 578 501 423
a 501 579 782
a 579 501 782
a 502 580 258
a 580 502 258
a 503 581 686
a 581 503 686
a 503 582 889
a 582 503 889
a 504 583 667
a 583 504 667
a 504 584 1123
a 584 504 1123
a 505 506 1694
a 506 505 1694
a 505 523 782
a 523 505 782
a 506 585 843
a 585 506 843
a 507 586 1824
a 586 507 1824
a 507 587 612
a 587 507 612
a 508 513 3530
a 513 508 3530
a 509 588 521
a 588 509 521
a 509 589 475
a 589 509 475
a 510 590 1832
a 590 510 1832
a 511 591 1061
a 591 511 1061
a 512 592 4561
a 592 512 4561
a 513 593 4367
a 593 513 4367
a 514 594 2229
a 594 514 2229
a 515 595 1490
a 595 515 1490
a 515 596 833
a 596 515 833
a 516 517 2430
a 517 516 2430
a 518 585 118
a 585 518 118
a 523 584 438
a 584 523 438
a 524 597 1457
a 597 524 1457
a 524 598 2608
a 598 524 2608
a 525 599 721
a 599 525 721
a 528 599 1198
a 599 528 1198
a 528 600 6214
a 600 528 6214
a 529 601 97
a 601 529 97
a 529 602 224
a 602 529 224
a 531 603 649
a 603 531 649
a 531 604 1167
a 604 531 1167
a 532 603 141
a 603 532 141
a 534 605 6028
a 605 534 6028
a 534 606 4303
a 606 534 4303
a 536 537 1012
a 537 536 1012
a 536 607 1012
a 607 536 1012
a 538 607 2437
a 607 538 2437
a 538 608 1031
a 608 538 1031
a 539 609 1822
a 609 539 1822
a 539 610 940
a 610 539 940
a 540 611 1081
a 611 540 1081
a 540 612 1143
a 612 540 1143
a 541 609 2179
a 609 541 2179
a 541 613 2811
a 613 541 2811
a 543 614 1132
a 614 543 1132
a 544 615 250
a 615 544 250
a 544 616 602
a 616 544 602
a 545 616 1255
a 616 545 1255
a 545 617 464
a 617 545 464
a 546 618 2061
a 618 546 2061
a 546 619 1099
a 619 546 1099
a 547 620 325
a 620 547 325
a 547 621 749
a 621 547 749
a 549 622 1115
a 622 549 1115
a 549 623 668
a 623 549 668
a 549 624 1303
a 624 549 1303
a 551 624 1100
a 624 551 1100
a 551 625 356
a 625 551 356
a 552 626 886
a 626 552 886
a 552 627 866
a 627 552 866
a 555 628 603
a 628 555 603
a 557 629 478
a 629 557 478
a 557 630 951
a 630 557 951
a 558 630 1286
a 630 558 1286
a 560 631 677
a 631 560 677
a 560 632 843
a 632 560 843
a 561 631 844
a 631 561 844
a 561 633 741
a 633 561 741
a 562 634 1494
a 634 562 1494
a 562 635 1093
a 635 562 1093
a 563 631 1528
a 631 563 1528
a 563 636 983
a 636 563 983
a 566 569 992
a 569 566 992
a 566 637 1352
a 637 566 1352
a 569 638 1926
a 638 569 1926
a 571 639 1051
a 639 571 1051
a 571 640 852
a 640 571 852
a 571 641 1112
a 641 571 1112
a 574 642 405
a 642 574 405
a 575 643 2742
a 643 575 2742
a 575 644 925
a 644 575 925
a 576 645 476
a 645 576 476
a 577 646 2446
a 646 577 2446
a 577 647 419
a 647 577 419
a 578 648 762
a 648 578 762
a 578 649 985
a 649 578 985
a 579 650 846
a 650 579 846
a 579 651 1334
a 651 579 1334
a 580 652 1195
a 652 580 1195
a 580 653 212
a 653 580 212
a 581 654 333
a 654 581 333
a 581 655 508
a 655 581 508
a 582 656 331
a 656 582 331
a 583 657 2375
a 657 583 2375
a 583 658 562
a 658 583 562
a 584 659 1225
a 659 584 1225
a 585 660 934
a 660 585 934
a 586 661 1023
a 661 586 1023
a 586 662 1308
a 662 586 1308
a 587 663 717
a 663 587 717
a 587 664 551
a 664 587 551
a 587 665 372
a 665 587 372
a 589 666 358
a 666 589 358
a 589 667 651
a 667 589 651
a 589 668 476
a 668 589 476
a 590 669 1105
a 669 590 1105
a 590 670 2753
a 670 590 2753
a 590 671 680
a 671 590 680
a 591 672 835
a 672 591 835
a 591 673 887
a 673 591 887
a 592 674 6018
a 674 592 6018
a 593 675 4342
a 675 593 4342
a 594 676 4023
a 676 594 4023
a 595 677 273
a 677 595 273
a 596 678 986
a 678 596 986
a 596 679 6064
a 679 596 6064
a 598 680 1448
a 680 598 1448
a 598 681 2021
a 681 598 2021
a 605 682 1865
a 682 605 1865
a 607 683 978
a 683 607 978
a 607 684 950
a 684 607 950
a 608 683 2376
a 683 608 2376
a 608 685 4061
a 685 608 4061
a 608 686 218
a 686 608 218
a 609 613 1940
a 613 609 1940
a 609 687 930
a 687 609 930
a 613 688 777
a 688 613 777
a 616 689 262
a 689 616 262
a 618 690 3096
a 690 618 3096
a 618 691 1268
a 691 618 1268
a 619 692 1094
a 692 619 1094
a 620 693 830
a 693 620 830
a 624 694 586
a 694 624 586
a 625 695 833
a 695 625 833
a 625 696 773
a 696 625 773
a 626 697 1843
a 697 626 1843
a 626 698 463
a 698 626 463
a 627 699 1174
a 699 627 1174
a 629 700 2449
a 700 629 2449
a 629 701 1509
a 701 629 1509
a 633 702 1621
a 702 633 1621
a 633 703 933
a 703 633 933
a 634 702 1857
a 702 634 1857
a 634 704 1926
a 704 634 1926
a 639 705 731
a 705 639 731
a 639 706 946
a 706 639 946
a 642 707 1725
a 707 642 1725
a 642 708 111
a 708 642 111
a 643 709 1162
a 709 643 1162
a 643 710 796
a 710 643 796
a 644 711 905
a 711 644 905
a 644 712 1274
a 712 644 1274
a 645 713 713
a 713 645 713
a 645 714 1637
a 714 645 1637
a 645 715 2543
a 715 645 2543
a 646 676 1124
a 676 646 1124
a 646 716 1875
a 716 646 1875
a 647 717 1344
a 717 647 1344
a 648 718 1951
a 718 648 1951
a 649 714 925
a 714 649 925
a 649 719 3561
a 719 649 3561
a 650 720 339
a 720 650 339
a 650 721 2667
a 721 650 2667
a 651 722 778
a 722 651 778
a 651 723 1100
a 723 651 1100
a 654 724 4335
a 724 654 4335
a 655 725 169
a 725 655 169
a 656 726 704
a 726 656 704
a 656 727 561
a 727 656 561
a 657 658 2025
a 658 657 2025
a 657 728 140
a 728 657 140
a 658 729 2672
a 729 658 2672
a 659 730 698
a 730 659 698
a 659 731 1781
a 731 659 1781
a 661 675 1113
a 675 661 1113
a 661 732 5933
a 732 661 5933
a 661 733 930
a 733 661 930
a 662 734 677
a 734 662 677
a 664 735 1025
a 735 664 1025
a 664 736 369
a 736 664 369
a 667 735 1038
a 735 667 1038
a 667 737 361
a 737 667 361
a 669 734 1611
a 734 669 1611
a 669 738 2069
a 738 669 2069
a 670 738 950
a 738 670 950
a 670 739 279
a 739 670 279
a 671 740 1439
a 740 671 1439
a 671 741 810
a 741 671 810
a 671 742 757
a 742 671 757
a 673 743 638
a 743 673 638
a 673 744 713
a 744 673 713
a 676 745 1372
a 745 676 1372
a 677 746 1031
a 746 677 1031
a 677 747 1068
a 747 677 1068
a 678 748 1389
a 748 678 1389
a 678 749 323
a 749 678 323
a 679 750 3580
a 750 679 3580
a 679 751 140
a 751 679 140
a 680 729 559
a 729 680 559
a 680 752 1163
a 752 680 1163
a 682 753 686
a 753 682 686
a 683 754 6039
a 754 683 6039
a 685 755 7074
a 755 685 7074
a 686 756 4392
a 756 686 4392
a 686 757 4856
a 757 686 4856
a 687 758 1623
a 758 687 1623
a 687 759 5476
a 759 687 5476
a 691 760 2430
a 760 691 2430
a 691 761 1274
a 761 691 1274
a 692 762 1133
a 762 692 1133
a 692 763 1305
a 763 692 1305
a 693 764 466
a 764 693 466
a 697 698 1709
a 698 697 1709
a 698 765 266
a 765 698 266
a 699 766 1320
a 766 699 1320
a 701 767 892
a 767 701 892
a 701 768 741
a 768 701 741
a 702 769 2200
a 769 702 2200
a 707 770 919
a 770 707 919
a 707 771 905
a 771 707 905
a 708 772 374
a 772 708 374
a 708 773 338
a 773 708 338
a 709 774 1460
a 774 709 1460
a 709 775 1642
a 775 709 1642
a 710 773 1040
a 773 710 1040
a 711 774 809
a 774 711 809
a 711 776 333
a 776 711 333
a 712 777 1447
a 777 712 1447
a 712 778 853
a 778 712 853
a 713 779 989
a 779 713 989
a 714 780 2298
a 780 714 2298
a 715 781 438
a 781 715 438
a 715 782 1582
a 782 715 1582
a 716 783 1912
a 783 716 1912
a 717 784 1289
a 784 717 1289
a 717 785 1222
a 785 717 1222
a 718 786 1114
a 786 718 1114
a 718 787 805
a 787 718 805
a 719 781 2324
a 781 719 2324
a 719 788 603
a 788 719 603
a 721 789 677
a 789 721 677
a 721 790 672
a 790 721 672
a 722 791 1357
a 791 722 1357
a 722 792 2380
a 792 722 2380
a 723 793 782
a 793 723 782
a 723 794 2802
a 794 723 2802
a 724 794 893
a 794 724 893
a 724 795 854
a 795 724 854
a 724 796 401
a 796 724 401
a 725 795 4779
a 795 725 4779
a 725 797 152
a 797 725 152
a 726 798 732
a 798 726 732
a 726 799 338
a 799 726 338
a 727 800 1628
a 800 727 1628
a 727 801 1784
a 801 727 1784
a 728 729 2157
a 729 728 2157
a 728 801 790
a 801 728 790
a 732 802 21679
a 802 732 21679
a 733 803 3521
a 803 733 3521
a 733 804 491
a 804 733 491
a 734 805 1426
a 805 734 1426
a 735 806 953
a 806 735 953
a 736 807 118
a 807 736 118
a 737 808 372
a 808 737 372
a 737 809 266
a 809 737 266
a 738 810 1394
a 810 738 1394
a 739 811 2007
a 811 739 2007
a 739 812 277
a 812 739 277
a 741 813 1439
a 813 741 1439
a 741 814 1162
a 814 741 1162
a 745 815 1229
a 815 745 1229
a 746 816 909
a 816 746 909
a 746 817 651
a 817 746 651
a 747 818 1624
a 818 747 1624
a 752 819 1626
a 819 752 1626
a 752 820 866
a 820 752 866
a 753 821 2971
a 821 753 2971
a 754 822 279
a 822 754 279
a 755 823 2076
a 823 755 2076
a 755 824 737
a 824 755 737
a 756 825 2653
a 825 756 2653
a 756 826 3125
a 826 756 3125
a 758 827 5024
a 827 758 5024
a 759 823 1072
a 823 759 1072
a 760 761 2300
a 761 760 2300
a 760 828 1455
a 828 760 1455
a 761 829 423
a 829 761 423
a 763 830 971
a 830 763 971
a 763 831 715
a 831 763 715
a 766 832 967
a 832 766 967
a 766 833 2099
a 833 766 2099
a 766 834 11
a 834 766 11
a 767 835 810
a 835 767 810
a 767 836 1333
a 836 767 1333
a 767 837 675
a 837 767 675
a 768 837 950
a 837 768 950
a 768 838 67
a 838 768 67
a 770 839 958
a 839 770 958
a 770 840 2316
a 840 770 2316
a 771 841 672
a 841 771 672
a 771 842 1443
a 842 771 1443
a 772 843 581
a 843 772 581
a 774 844 634
a 844 774 634
a 775 845 356
a 845 775 356
a 775 846 1140
a 846 775 1140
a 776 777 1394
a 777 776 1394
a 776 847 782
a 847 776 782
a 777 848 1556
a 848 777 1556
a 777 849 846
a 849 777 846
a 778 849 1558
a 849 778 1558
a 778 850 931
a 850 778 931
a 779 780 279
a 780 779 279
a 779 851 812
a 851 779 812
a 781 852 1707
a 852 781 1707
a 783 853 429
a 853 783 429
a 783 854 1887
a 854 783 1887
a 784 855 2223
a 855 784 2223
a 784 856 1231
a 856 784 1231
a 784 857 1334
a 857 784 1334
a 785 857 1274
a 857 785 1274
a 785 858 1234
a 858 785 1234
a 786 788 893
a 788 786 893
a 786 859 339
a 859 786 339
a 787 860 960
a 860 787 960
a 788 861 437
a 861 788 437
a 790 862 3076
a 862 790 3076
a 790 863 1089
a 863 790 1089
a 791 864 1227
a 864 791 1227
a 792 795 592
a 795 792 592
a 792 865 2752
a 865 792 2752
a 793 866 778
a 866 793 778
a 793 867 2188
a 867 793 2188
a 794 868 905
a 868 794 905
a 797 869 806
a 869 797 806
a 798 870 230
a 870 798 230
a 798 871 374
a 871 798 374
a 800 872 496
a 872 800 496
a 800 873 1491
a 873 800 1491
a 801 819 614
a 819 801 614
a 802 874 5442
a 874 802 5442
a 802 875 6336
a 875 802 6336
a 803 876 344
a 876 803 344
a 805 810 140
a 810 805 140
a 805 877 437
a 877 805 437
a 807 878 1711
a 878 807 1711
a 810 879 925
a 879 810 925
a 811 880 344
a 880 811 344
a 811 881 539
a 881 811 539
a 811 882 437
a 882 811 437
a 812 883 679
a 883 812 679
a 813 884 1140
a 884 813 1140
a 813 885 831
a 885 813 831
a 814 885 2622
a 885 814 2622
a 814 886 793
a 886 814 793
a 815 887 1038
a 887 815 1038
a 815 888 1061
a 888 815 1061
a 816 889 1279
a 889 816 1279
a 816 890 965
a 890 816 965
a 817 818 790
a 818 817 790
a 817 891 875
a 891 817 875
a 818 892 1778
a 892 818 1778
a 819 893 1068
a 893 819 1068
a 820 894 1165
a 894 820 1165
a 820 895 472
a 895 820 472
a 821 896 4398
a 896 821 4398
a 821 897 2264
a 897 821 2264
a 822 896 2774
a 896 822 2774
a 822 898 344
a 898 822 344
a 823 899 337
a 899 823 337
a 823 900 2057
a 900 823 2057
a 824 901 1429
a 901 824 1429
a 824 902 1436
a 902 824 1436
a 826 903 1031
a 903 826 1031
a 828 904 3211
a 904 828 3211
a 828 905 995
a 905 828 995
a 829 906 667
a 906 829 667
a 829 907 1408
a 907 829 1408
a 832 908 627
a 908 832 627
a 832 909 292
a 909 832 292
a 833 910 505
a 910 833 505
a 833 911 651
a 911 833 651
a 836 912 1064
a 912 836 1064
a 836 913 1168
a 913 836 1168
a 836 914 602
a 914 836 602
a 837 914 1401
a 914 837 1401
a 837 915 810
a 915 837 810
a 838 916 743
a 916 838 743
a 840 917 949
a 917 840 949
a 841 918 1897
a 918 841 1897
a 841 919 613
a 919 841 613
a 842 843 437
a 843 842 437
a 842 845 1162
a 845 842 1162
a 845 919 1278
a 919 845 1278
a 846 920 614
a 920 846 614
a 846 921 703
a 921 846 703
a 847 922 527
a 922 847 527
a 847 923 2197
a 923 847 2197
a 848 856 853
a 856 848 853
a 848 924 1394
a 924 848 1394
a 848 925 1891
a 925 848 1891
a 849 856 1445
a 856 849 1445
a 849 857 1205
a 857 849 1205
a 850 857 1344
a 857 850 1344
a 850 926 741
a 926 850 741
a 852 861 1799
a 861 852 1799
a 852 927 671
a 927 852 671
a 854 928 611
a 928 854 611
a 855 929 1478
a 929 855 1478
a 855 930 1106
a 930 855 1106
a 856 930 2002
a 930 856 2002
a 859 931 2802
a 931 859 2802
a 859 932 905
a 932 859 905
a 860 932 536
a 932 860 536
a 861 933 603
a 933 861 603
a 862 934 356
a 934 862 356
a 862 935 910
a 935 862 910
a 863 935 2624
a 935 863 2624
a 863 936 1450
a 936 863 1450
a 864 937 512
a 937 864 512
a 865 869 1936
a 869 865 1936
a 865 937 405
a 937 865 405
a 867 868 692
a 868 867 692
a 868 938 374
a 938 868 374
a 869 939 1109
a 939 869 1109
a 870 940 320
a 940 870 320
a 871 941 339
a 941 871 339
a 871 942 316
a 942 871 316
a 871 943 771
a 943 871 771
a 872 944 297
a 944 872 297
a 872 945 661
a 945 872 661
a 873 946 438
a 946 873 438
a 874 947 14279
a 947 874 14279
a 875 948 1232
a 948 875 1232
a 875 949 8121
a 949 875 8121
a 876 882 1265
a 882 876 1265
a 876 950 8222
a 950 876 8222
a 876 951 1056
a 951 876 1056
a 877 952 1227
a 952 877 1227
a 879 952 957
a 952 879 957
a 879 953 748
a 953 879 748
a 880 954 1742
a 954 880 1742
a 881 955 686
a 955 881 686
a 883 884 846
a 884 883 846
a 883 956 1084
a 956 883 1084
a 884 957 846
a 957 884 846
a 889 891 686
a 891 889 686
a 889 958 1449
a 958 889 1449
a 890 959 282
a 959 890 282
a 891 960 778
a 960 891 778
a 892 960 2276
a 960 892 2276
a 892 961 812
a 961 892 812
a 894 962 567
a 962 894 567
a 894 963 4257
a 963 894 4257
a 895 964 526
a 964 895 526
a 895 965 1296
a 965 895 1296
a 897 966 581
a 966 897 581
a 897 967 419
a 967 897 419
a 898 968 1637
a 968 898 1637
a 899 969 2401
a 969 899 2401
a 900 901 1905
a 901 900 1905
a 900 970 609
a 970 900 609
a 901 971 1016
a 971 901 1016
a 902 972 1203
a 972 902 1203
a 902 973 535
a 973 902 535
a 903 974 1348
a 974 903 1348
a 903 975 1703
a 975 903 1703
a 904 976 1213
a 976 904 1213
a 904 977 556
a 977 904 556
a 906 978 602
a 978 906 602
a 906 979 3701
a 979 906 3701
a 907 980 2329
a 980 907 2329
a 907 981 1833
a 981 907 1833
a 908 982 504
a 982 908 504
a 908 983 722
a 983 908 722
a 909 984 2627
a 984 909 2627
a 909 985 892
a 985 909 892
a 911 984 337
a 984 911 337
a 911 986 733
a 986 911 733
a 912 987 604
a 987 912 604
a 912 988 950
a 988 912 950
a 914 989 1889
a 989 914 1889
a 914 990 883
a 990 914 883
a 915 916 950
a 916 915 950
a 915 990 1603
a 990 915 1603
a 915 991 882
a 991 915 882
a 916 992 810
a 992 916 810
a 917 993 855
a 993 917 855
a 917 994 1686
a 994 917 1686
a 918 995 893
a 995 918 893
a 918 996 1791
a 996 918 1791
a 919 997 807
a 997 919 807
a 920 996 437
a 996 920 437
a 920 998 838
a 998 920 838
a 921 923 846
a 923 921 846
a 921 998 974
a 998 921 974
a 922 924 921
a 924 922 921
a 922 999 771
a 999 922 771
a 923 1000 582
a 1000 923 582
a 924 1001 1248
a 1001 924 1248
a 925 930 1015
a 930 925 1015
a 925 1002 539
a 1002 925 539
a 927 1003 555
a 1003 927 555
a 928 929 943
a 929 928 943
a 928 1002 753
a 1002 928 753
a 929 930 889
a 930 929 889
a 931 1004 1528
a 1004 931 1528
a 931 1005 905
a 1005 931 905
a 932 1006 4245
a 1006 932 4245
a 932 1007 893
a 1007 932 893
a 933 1008 770
a 1008 933 770
a 933 1009 3130
a 1009 933 3130
a 935 1010 957
a 1010 935 957
a 936 937 741
a 937 936 741
a 936 939 2138
a 939 936 2138
a 936 1010 1769
a 1010 936 1769
a 939 1010 1032
a 1010 939 1032
a 943 944 945
a 944 943 945
a 943 1011 419
a 1011 943 419
a 944 1012 874
a 1012 944 874
a 946 1013 445
a 1013 946 445
a 947 1014 916
a 1014 947 916
a 948 1015 140
a 1015 948 140
a 949 1016 892
a 1016 949 892
a 949 1017 1517
a 1017 949 1517
a 950 1018 747
a 1018 950 747
a 950 1019 5574
a 1019 950 5574
a 951 1020 476
a 1020 951 476
a 954 1021 667
a 1021 954 667
a 955 956 1248
a 956 955 1248
a 955 957 2961
a 957 955 2961
a 955 1022 2379
a 1022 955 2379
a 957 1023 2372
a 1023 957 2372
a 958 1024 333
a 1024 958 333
a 958 1025 1310
a 1025 958 1310
a 960 1026 294
a 1026 960 294
a 961 1027 1397
a 1027 961 1397
a 961 1028 1832
a 1028 961 1832
a 962 1013 725
a 1013 962 725
a 963 1029 2995
a 1029 963 2995
a 963 1030 703
a 1030 963 703
a 964 1031 1765
a 1031 964 1765
a 964 1032 1421
a 1032 964 1421
a 966 1033 2334
a 1033 966 2334
a 966 1034 2667
a 1034 966 2667
a 967 1035 2116
a 1035 967 2116
a 967 1036 2411
a 1036 967 2411
a 969 1037 7362
a 1037 969 7362
a 970 1038 521
a 1038 970 521
a 971 972 810
a 972 971 810
a 971 1039 455
a 1039 971 455
a 972 1040 755
a 1040 972 755
a 973 1041 721
a 1041 973 721
a 973 1042 609
a 1042 973 609
a 974 1043 2501
a 1043 974 2501
a 974 1044 356
a 1044 974 356
a 975 1045 6333
a 1045 975 6333
a 976 1046 2492
a 1046 976 2492
a 977 1047 1105
a 1047 977 1105
a 977 1048 288
a 1048 977 288
a 978 1049 2750
a 1049 978 2750
a 979 1050 1611
a 1050 979 1611
a 979 1051 1124
a 1051 979 1124
a 980 1052 3805
a 1052 980 3805
a 980 1053 1702
a 1053 980 1702
a 980 1054 1561
a 1054 980 1561
a 982 1055 170
a 1055 982 170
a 982 1056 485
a 1056 982 485
a 983 1057 614
a 1057 983 614
a 983 1058 337
a 1058 983 337
a 984 1059 741
a 1059 984 741
a 985 1060 1213
a 1060 985 1213
a 985 1061 1784
a 1061 985 1784
a 985 1062 812
a 1062 985 812
a 986 1063 223
a 1063 986 223
a 987 1064 267
a 1064 987 267
a 987 1065 744
a 1065 987 744
a 988 989 570
a 989 988 570
a 988 1066 502
a 1066 988 502
a 988 1067 753
a 1067 988 753
a 989 1068 979
a 1068 989 979
a 990 1068 1685
a 1068 990 1685
a 990 1069 598
a 1069 990 598
a 992 1070 931
a 1070 992 931
a 992 1071 686
a 1071 992 686
a 993 1072 3824
a 1072 993 3824
a 993 1073 625
a 1073 993 625
a 994 1074 1394
a 1074 994 1394
a 994 1075 672
a 1075 994 672
a 998 1001 3118
a 1001 998 3118
a 1001 1002 1286
a 1002 1001 1286
a 1003 1009 910
a 1009 1003 910
a 1004 1006 893
a 1006 1004 893
a 1004 1076 1696
a 1076 1004 1696
a 1005 1077 437
a 1077 1005 437
a 1005 1078 339
a 1078 1005 339
a 1006 1079 931
a 1079 1006 931
a 1006 1080 905
a 1080 1006 905
a 1007 1080 4330
a 1080 1007 4330
a 1007 1081 778
a 1081 1007 778
a 1008 1077 846
a 1077 1008 846
a 1008 1082 3233
a 1082 1008 3233
a 1009 1082 875
a 1082 1009 875
a 1010 1083 713
a 1083 1010 713
a 1013 1084 2273
a 1084 1013 2273
a 1013 1085 2652
a 1085 1013 2652
a 1013 1086 2334
a 1086 1013 2334
a 1014 1087 1751
a 1087 1014 1751
a 1015 1088 7905
a 1088 1015 7905
a 1015 1089 5389
a 1089 1015 5389
a 1016 1090 1088
a 1090 1016 1088
a 1017 1091 877
a 1091 1017 877
a 1018 1092 5464
a 1092 1018 5464
a 1018 1093 814
a 1093 1018 814
a 1019 1091 2929
a 1091 1019 2929
a 1020 1094 1234
a 1094 1020 1234
a 1021 1095 1558
a 1095 1021 1558
a 1021 1096 2681
a 1096 1021 2681
a 1022 1097 1004
a 1097 1022 1004
a 1022 1098 1426
a 1098 1022 1426
a 1023 1099 1674
a 1099 1023 1674
a 1023 1100 876
a 1100 1023 876
a 1024 1099 1357
a 1099 1024 1357
a 1024 1101 754
a 1101 1024 754
a 1026 1101 1189
a 1101 1026 1189
a 1027 1102 476
a 1102 1027 476
a 1027 1103 754
a 1103 1027 754
a 1029 1104 939
a 1104 1029 939
a 1029 1105 1205
a 1105 1029 1205
a 1029 1106 696
a 1106 1029 696
a 1030 1104 1512
a 1104 1030 1512
a 1030 1107 810
a 1107 1030 810
a 1031 1108 2686
a 1108 1031 2686
a 1031 1109 1443
a 1109 1031 1443
a 1033 1110 1781
a 1110 1033 1781
a 1034 1111 1372
a 1111 1034 1372
a 1034 1112 476
a 1112 1034 476
a 1035 1113 1505
a 1113 1035 1505
a 1035 1114 1822
a 1114 1035 1822
a 1036 1115 845
a 1115 1036 845
a 1036 1116 1523
a 1116 1036 1523
a 1037 1117 5184
a 1117 1037 5184
a 1037 1118 4762
a 1118 1037 4762
a 1038 1119 2077
a 1119 1038 2077
a 1040 1120 459
a 1120 1040 459
a 1040 1121 814
a 1121 1040 814
a 1041 1121 2265
a 1121 1041 2265
a 1043 1122 1189
a 1122 1043 1189
a 1043 1123 5069
a 1123 1043 5069
a 1044 1124 2626
a 1124 1044 2626
a 1044 1125 2430
a 1125 1044 2430
a 1045 1126 405
a 1126 1045 405
a 1046 1127 2425
a 1127 1046 2425
a 1046 1128 2351
a 1128 1046 2351
a 1047 1129 1668
a 1129 1047 1668
a 1047 1130 562
a 1130 1047 562
a 1048 1131 162
a 1131 1048 162
a 1048 1132 474
a 1132 1048 474
a 1049 1133 602
a 1133 1049 602
a 1049 1134 1372
a 1134 1049 1372
a 1050 1134 1032
a 1134 1050 1032
a 1050 1135 1269
a 1135 1050 1269
a 1051 1136 3386
a 1136 1051 3386
a 1051 1137 2810
a 1137 1051 2810
a 1052 1138 452
a 1138 1052 452
a 1053 1139 967
a 1139 1053 967
a 1053 1140 905
a 1140 1053 905
a 1054 1141 1377
a 1141 1054 1377
a 1055 1142 1632
a 1142 1055 1632
a 1057 1062 1117
a 1062 1057 1117
a 1057 1143 790
a 1143 1057 790
a 1058 1143 592
a 1143 1058 592
a 1058 1144 812
a 1144 1058 812
a 1059 1145 454
a 1145 1059 454
a 1059 1146 790
a 1146 1059 790
a 1060 1147 1536
a 1147 1060 1536
a 1061 1147 1359
a 1147 1061 1359
a 1061 1148 892
a 1148 1061 892
a 1061 1149 1334
a 1149 1061 1334
a 1062 1150 202
a 1150 1062 202
a 1063 1151 1314
a 1151 1063 1314
a 1066 1152 643
a 1152 1066 643
a 1068 1153 3346
a 1153 1068 3346
a 1068 1154 607
a 1154 1068 607
a 1070 1155 1354
a 1155 1070 1354
a 1070 1156 889
a 1156 1070 889
a 1071 1157 1358
a 1157 1071 1358
a 1071 1158 3163
a 1158 1071 3163
a 1072 1159 3563
a 1159 1072 3563
a 1072 1160 2186
a 1160 1072 2186
a 1073 1161 1469
a 1161 1073 1469
a 1073 1162 1022
a 1162 1073 1022
a 1074 1163 2849
a 1163 1074 2849
a 1074 1164 1294
a 1164 1074 1294
a 1075 1165 581
a 1165 1075 581
a 1075 1166 1915
a 1166 1075 1915
a 1076 1167 854
a 1167 1076 854
a 1076 1168 886
a 1168 1076 886
a 1077 1169 2949
a 1169 1077 2949
a 1078 1169 2783
a 1169 1078 2783
a 1078 1170 847
a 1170 1078 847
a 1079 1171 1040
a 1171 1079 1040
a 1079 1172 3262
a 1172 1079 3262
a 1080 1173 782
a 1173 1080 782
a 1081 1174 1612
a 1174 1081 1612
a 1081 1175 672
a 1175 1081 672
a 1082 1166 1477
a 1166 1082 1477
a 1083 1176 1897
a 1176 1083 1897
a 1083 1177 1510
a 1177 1083 1510
a 1083 1178 1875
a 1178 1083 1875
a 1084 1085 1496
a 1085 1084 1496
a 1084 1179 932
a 1179 1084 932
a 1085 1180 1980
a 1180 1085 1980
a 1085 1181 1032
a 1181 1085 1032
a 1086 1182 1000
a 1182 1086 1000
a 1087 1183 6521
a 1183 1087 6521
a 1087 1184 3838
a 1184 1087 3838
a 1087 1185 4341
a 1185 1087 4341
