c In this file, the DIMACS format is extended by allowing arcs of infinite weight.
c These are specified by "a U V inf", where U and V are vertex IDs.
p sp 214 584
a 1 2 1885
a 2 1 1885
a 1 3 1965
a 3 1 1965
a 2 4 879
a 4 2 879
a 2 5 782
a 5 2 782
a 2 6 1883
a 6 2 1883
a 2 7 713
a 7 2 713
a 3 8 807
a 8 3 807
a 3 9 822
a 9 3 822
a 3 10 1708
a 10 3 1708
a 4 11 1153
a 11 4 1153
a 4 12 1848
a 12 4 1848
a 4 13 92
a 13 4 92
a 5 14 1055
a 14 5 1055
a 5 15 1694
a 15 5 1694
a 6 15 1055
a 15 6 1055
a 6 16 556
a 16 6 556
a 6 17 1694
a 17 6 1694
a 7 18 1117
a 18 7 1117
a 7 19 537
a 19 7 537
a 8 20 1346
a 20 8 1346
a 8 21 3479
a 21 8 3479
a 9 22 2251
a 22 9 2251
a 9 23 65
a 23 9 65
a 10 24 200
a 24 10 200
a 10 25 828
a 25 10 828
a 11 26 517
a 26 11 517
a 11 27 1140
a 27 11 1140
a 11 28 217
a 28 11 217
a 12 29 253
a 29 12 253
a 12 30 766
a 30 12 766
a 13 21 252
a 21 13 252
a 14 30 562
a 30 14 562
a 14 31 1883
a 31 14 1883
a 15 31 782
a 31 15 782
a 15 32 1772
a 32 15 1772
a 16 18 552
a 18 16 552
a 16 33 445
a 33 16 445
a 16 34 1824
a 34 16 1824
a 17 32 581
a 32 17 581
a 17 34 688
a 34 17 688
a 17 35 1184
a 35 17 1184
a 19 36 337
a 36 19 337
a 19 37 1685
a 37 19 1685
a 20 22 837
a 22 20 837
a 20 38 738
a 38 20 738
a 20 39 3227
a 39 20 3227
a 22 40 404
a 40 22 404
a 22 41 475
a 41 22 475
a 23 42 533
a 42 23 533
a 23 43 711
a 43 23 711
a 24 44 525
a 44 24 525
a 25 45 1221
a 45 25 1221
a 25 46 2088
a 46 25 2088
a 26 47 552
a 47 26 552
a 26 48 168
a 48 26 168
a 27 29 517
a 29 27 517
a 27 49 337
a 49 27 337
a 28 39 235
a 39 28 235
a 29 50 1458
a 50 29 1458
a 30 50 2014
a 50 30 2014
a 30 51 1307
a 51 30 1307
a 31 52 672
a 52 31 672
a 31 53 1717
a 53 31 1717
a 32 53 1014
a 53 32 1014
a 32 54 1987
a 54 32 1987
a 33 55 445
a 55 33 445
a 34 35 1275
a 35 34 1275
a 34 56 474
a 56 34 474
a 35 57 709
a 57 35 709
a 36 58 1447
a 58 36 1447
a 36 59 605
a 59 36 605
a 38 48 3207
a 48 38 3207
a 38 60 837
a 60 38 837
a 40 60 337
a 60 40 337
a 40 61 1725
a 61 40 1725
a 41 42 2083
a 42 41 2083
a 41 62 612
a 62 41 612
a 42 62 2208
a 62 42 2208
a 43 44 514
a 44 43 514
a 44 63 856
a 63 44 856
a 45 64 1080
a 64 45 1080
a 45 65 2531
a 65 45 2531
a 46 65 253
a 65 46 253
a 46 66 1074
a 66 46 1074
a 47 67 355
a 67 47 355
a 47 68 139
a 68 47 139
a 49 69 924
a 69 49 924
a 49 70 1436
a 70 49 1436
a 50 71 3171
a 71 50 3171
a 51 52 600
a 52 51 600
a 51 72 3629
a 72 51 3629
a 52 73 1396
a 73 52 1396
a 52 74 953
a 74 52 953
a 53 75 672
a 75 53 672
a 53 76 1966
a 76 53 1966
a 54 57 672
a 57 54 672
a 54 76 905
a 76 54 905
a 54 77 1717
a 77 54 1717
a 55 59 612
a 59 55 612
a 55 78 476
a 78 55 476
a 56 78 1275
a 78 56 1275
a 56 79 789
a 79 56 789
a 57 80 778
a 80 57 778
a 57 81 1783
a 81 57 1783
a 59 82 807
a 82 59 807
a 59 83 697
a 83 59 697
a 60 84 276
a 84 60 276
a 61 85 590
a 85 61 590
a 61 86 590
a 86 61 590
a 62 86 337
a 86 62 337
a 63 87 421
a 87 63 421
a 63 88 677
a 88 63 677
a 63 89 1816
a 89 63 1816
a 64 90 2422
a 90 64 2422
a 65 90 940
a 90 65 940
a 66 82 810
a 82 66 810
a 66 91 1611
a 91 66 1611
a 67 70 677
a 70 67 677
a 67 92 337
a 92 67 337
a 68 93 4008
a 93 68 4008
a 69 94 1683
a 94 69 1683
a 69 95 2106
a 95 69 2106
a 70 96 421
a 96 70 421
a 71 97 1133
a 97 71 1133
a 72 98 1211
a 98 72 1211
a 72 99 940
a 99 72 940
a 73 100 1255
a 100 73 1255
a 73 101 2104
a 101 73 2104
a 74 75 766
a 75 74 766
a 74 102 2468
a 102 74 2468
a 75 103 436
a 103 75 436
a 76 104 688
a 104 76 688
a 76 105 1800
a 105 76 1800
a 77 81 796
a 81 77 796
a 77 105 893
a 105 77 893
a 77 106 1966
a 106 77 1966
a 79 107 677
a 107 79 677
a 79 108 175
a 108 79 175
a 80 109 705
a 109 80 705
a 81 110 688
a 110 81 688
a 81 111 1987
a 111 81 1987
a 82 107 1346
a 107 82 1346
a 83 112 1394
a 112 83 1394
a 83 113 948
a 113 83 948
a 84 85 2042
a 85 84 2042
a 84 93 276
a 93 84 276
a 85 114 678
a 114 85 678
a 86 115 279
a 115 86 279
a 87 116 436
a 116 87 436
a 88 117 790
a 117 88 790
a 89 118 573
a 118 89 573
a 90 119 673
a 119 90 673
a 91 120 404
a 120 91 404
a 92 121 3783
a 121 92 3783
a 93 122 202
a 122 93 202
a 94 95 1394
a 95 94 1394
a 94 123 752
a 123 94 752
a 95 124 873
a 124 95 873
a 96 125 3677
a 125 96 3677
a 97 126 337
a 126 97 337
a 97 127 873
a 127 97 873
a 98 128 1115
a 128 98 1115
a 98 129 1284
a 129 98 1284
a 99 100 1303
a 100 99 1303
a 99 128 1483
a 128 99 1483
a 99 130 751
a 130 99 751
a 100 131 1534
a 131 100 1534
a 101 102 1104
a 102 101 1104
a 101 131 1028
a 131 101 1028
a 101 132 2988
a 132 101 2988
a 102 133 3125
a 133 102 3125
a 102 134 1028
a 134 102 1028
a 103 104 1449
a 104 103 1449
a 103 134 1780
a 134 103 1780
a 104 135 1004
a 135 104 1004
a 104 136 933
a 136 104 933
a 105 137 688
a 137 105 688
a 105 138 1883
a 138 105 1883
a 106 111 688
a 111 106 688
a 106 138 905
a 138 106 905
a 106 139 1635
a 139 106 1635
a 108 120 635
a 120 108 635
a 109 140 1074
a 140 109 1074
a 109 141 1863
a 141 109 1863
a 109 142 1282
a 142 109 1282
a 110 111 2089
a 111 110 2089
a 110 142 605
a 142 110 605
a 111 139 1746
a 139 111 1746
a 114 122 2059
a 122 114 2059
a 114 143 173
a 143 114 173
a 116 144 2549
a 144 116 2549
a 117 145 828
a 145 117 828
a 117 146 914
a 146 117 914
a 118 147 1145
a 147 118 1145
a 119 148 2181
a 148 119 2181
a 119 149 1141
a 149 119 1141
a 120 140 673
a 140 120 673
a 121 122 474
a 122 121 474
a 121 150 436
a 150 121 436
a 123 127 2216
a 127 123 2216
a 123 151 558
a 151 123 558
a 124 152 709
a 152 124 709
a 125 150 452
a 150 125 452
a 125 153 2388
a 153 125 2388
a 126 154 1344
a 154 126 1344
a 126 155 1146
a 155 126 1146
a 127 156 873
a 156 127 873
a 128 157 1682
a 157 128 1682
a 128 158 810
a 158 128 810
a 129 155 751
a 155 129 751
a 129 159 837
a 159 129 837
a 130 158 1422
a 158 130 1422
a 130 160 1115
a 160 130 1115
a 131 160 1009
a 160 131 1009
a 131 161 2478
a 161 131 2478
a 132 133 1144
a 133 132 1144
a 132 161 1179
a 161 132 1179
a 133 162 253
a 162 133 253
a 134 135 1380
a 135 134 1380
a 134 163 3125
a 163 134 3125
a 135 164 2883
a 164 135 2883
a 136 137 871
a 137 136 871
a 136 165 3140
a 165 136 3140
a 137 166 782
a 166 137 782
a 137 167 1866
a 167 137 1866
a 138 167 581
a 167 138 581
a 138 168 1635
a 168 138 1635
a 139 168 905
a 168 139 905
a 139 169 2042
a 169 139 2042
a 140 170 810
a 170 140 810
a 141 171 1224
a 171 141 1224
a 142 172 1211
a 172 142 1211
a 144 173 2884
a 173 144 2884
a 145 174 1704
a 174 145 1704
a 145 175 2481
a 175 145 2481
a 146 176 1122
a 176 146 1122
a 147 177 794
a 177 147 794
a 149 178 1147
a 178 149 1147
a 150 179 1081
a 179 150 1081
a 151 152 1780
a 152 151 1780
a 151 180 790
a 180 151 790
a 152 181 419
a 181 152 419
a 152 182 1014
a 182 152 1014
a 153 182 791
a 182 153 791
a 153 183 517
a 183 153 517
a 154 184 1746
a 184 154 1746
a 155 157 1009
a 157 155 1009
a 156 185 2015
a 185 156 2015
a 156 186 738
a 186 156 738
a 157 187 879
a 187 157 879
a 158 187 1483
a 187 158 1483
a 160 188 2620
a 188 160 2620
a 161 189 3676
a 189 161 3676
a 161 190 1121
a 190 161 1121
a 162 163 807
a 163 162 807
a 162 191 1085
a 191 162 1085
a 163 164 1141
a 164 163 1141
a 164 192 279
a 192 164 279
a 165 192 752
a 192 165 752
a 165 193 940
a 193 165 940
a 166 193 1631
a 193 166 1631
a 166 194 1552
a 194 166 1552
a 167 194 924
a 194 167 924
a 167 195 1742
a 195 167 1742
a 168 195 672
a 195 168 672
a 169 196 355
a 196 169 355
a 169 197 2233
a 197 169 2233
a 169 198 336
a 198 169 336
a 170 199 418
a 199 170 418
a 170 200 873
a 200 170 873
a 171 201 673
a 201 171 673
a 172 202 789
a 202 172 789
a 172 203 474
a 203 172 474
a 173 204 1014
a 204 173 1014
a 173 205 253
a 205 173 253
a 173 206 452
a 206 173 452
a 174 207 1994
a 207 174 1994
a 174 208 392
a 208 174 392
a 175 176 1029
a 176 175 1029
a 175 209 1575
a 209 175 1575
a 176 210 1620
a 210 176 1620
a 177 211 2175
a 211 177 2175
a 178 212 537
a 212 178 537
a 179 183 3227
a 183 179 3227
a 179 213 476
a 213 179 476
a 180 186 940
a 186 180 940
a 180 214 1308
a 214 180 1308
a 181 214 279
a 214 181 279
a 187 188 940
a 188 187 940
a 188 189 951
a 189 188 951
a 195 196 1117
a 196 195 1117
a 196 198 600
a 198 196 600
