c In this file, the DIMACS format is extended by allowing arcs of infinite weight.
c These are specified by "a U V inf", where U and V are vertex IDs.
p sp 268 612
a 1 2 769
a 2 1 769
a 2 3 2100
a 3 2 2100
a 3 4 1000
a 4 3 1000
a 3 5 333
a 5 3 333
a 4 6 2823
a 6 4 2823
a 4 7 556
a 7 4 556
a 5 8 1762
a 8 5 1762
a 5 9 1334
a 9 5 1334
a 6 10 808
a 10 6 808
a 6 11 1343
a 11 6 1343
a 7 12 778
a 12 7 778
a 7 13 2096
a 13 7 2096
a 9 14 1679
a 14 9 1679
a 9 15 1225
a 15 9 1225
a 10 16 1338
a 16 10 1338
a 10 17 1005
a 17 10 1005
a 11 18 1011
a 18 11 1011
a 11 19 1466
a 19 11 1466
a 12 20 893
a 20 12 893
a 12 21 2203
a 21 12 2203
a 13 21 562
a 21 13 562
a 13 22 889
a 22 13 889
a 14 23 268
a 23 14 268
a 14 24 687
a 24 14 687
a 15 25 1428
a 25 15 1428
a 15 26 672
a 26 15 672
a 18 27 2783
a 27 18 2783
a 18 28 2338
a 28 18 2338
a 19 28 1844
a 28 19 1844
a 19 29 1436
a 29 19 1436
a 20 30 1234
a 30 20 1234
a 20 31 2716
a 31 20 2716
a 21 32 835
a 32 21 835
a 22 33 1089
a 33 22 1089
a 22 34 667
a 34 22 667
a 25 35 921
a 35 25 921
a 25 36 1904
a 36 25 1904
a 26 37 562
a 37 26 562
a 26 38 980
a 38 26 980
a 27 39 1719
a 39 27 1719
a 27 40 1626
a 40 27 1626
a 29 41 874
a 41 29 874
a 30 42 1872
a 42 30 1872
a 30 43 4112
a 43 30 4112
a 30 44 1385
a 44 30 1385
a 31 32 139
a 32 31 139
a 31 45 2948
a 45 31 2948
a 32 46 1221
a 46 32 1221
a 35 47 511
a 47 35 511
a 35 48 1027
a 48 35 1027
a 36 49 679
a 49 36 679
a 36 50 419
a 50 36 419
a 37 51 344
a 51 37 344
a 38 52 1606
a 52 38 1606
a 38 53 945
a 53 38 945
a 39 42 251
a 42 39 251
a 39 54 1029
a 54 39 1029
a 42 55 713
a 55 42 713
a 43 56 2152
a 56 43 2152
a 43 57 837
a 57 43 837
a 44 58 795
a 58 44 795
a 44 59 1469
a 59 44 1469
a 45 60 261
a 60 45 261
a 46 61 1065
a 61 46 1065
a 46 62 1595
a 62 46 1595
a 47 63 2764
a 63 47 2764
a 47 64 1000
a 64 47 1000
a 48 49 778
a 49 48 778
a 48 65 2410
a 65 48 2410
a 49 66 562
a 66 49 562
a 50 51 2022
a 51 50 2022
a 51 67 1336
a 67 51 1336
a 52 68 578
a 68 52 578
a 52 69 974
a 69 52 974
a 53 69 1471
a 69 53 1471
a 53 70 2783
a 70 53 2783
a 53 71 1890
a 71 53 1890
a 54 72 1089
a 72 54 1089
a 54 73 1004
a 73 54 1004
a 55 74 401
a 74 55 401
a 55 75 493
a 75 55 493
a 56 57 2457
a 57 56 2457
a 56 76 905
a 76 56 905
a 57 77 562
a 77 57 562
a 58 78 1396
a 78 58 1396
a 58 79 2114
a 79 58 2114
a 61 80 2747
a 80 61 2747
a 61 81 1477
a 81 61 1477
a 62 81 1796
a 81 62 1796
a 62 82 2265
a 82 62 2265
a 63 64 2939
a 64 63 2939
a 63 83 1349
a 83 63 1349
a 65 84 667
a 84 65 667
a 66 84 2264
a 84 66 2264
a 66 85 1159
a 85 66 1159
a 67 86 1000
a 86 67 1000
a 67 87 1607
a 87 67 1607
a 69 71 2229
a 71 69 2229
a 69 88 1872
a 88 69 1872
a 70 89 1919
a 89 70 1919
a 70 90 679
a 90 70 679
a 71 90 1767
a 90 71 1767
a 72 91 2438
a 91 72 2438
a 72 92 1124
a 92 72 1124
a 74 93 1565
a 93 74 1565
a 74 94 1366
a 94 74 1366
a 76 95 2320
a 95 76 2320
a 76 96 924
a 96 76 924
a 78 97 1485
a 97 78 1485
a 78 98 1926
a 98 78 1926
a 80 81 1304
a 81 80 1304
a 80 99 373
a 99 80 373
a 82 100 1852
a 100 82 1852
a 82 101 1219
a 101 82 1219
a 83 102 1114
a 102 83 1114
a 83 103 1160
a 103 83 1160
a 83 104 1721
a 104 83 1721
a 84 105 1267
a 105 84 1267
a 85 105 1345
a 105 85 1345
a 85 106 402
a 106 85 402
a 85 107 1621
a 107 85 1621
a 86 106 3379
a 106 86 3379
a 86 108 562
a 108 86 562
a 88 109 556
a 109 88 556
a 88 110 1626
a 110 88 1626
a 89 111 1094
a 111 89 1094
a 89 112 1206
a 112 89 1206
a 90 113 1333
a 113 90 1333
a 91 114 1031
a 114 91 1031
a 91 115 671
a 115 91 671
a 92 116 762
a 116 92 762
a 92 117 681
a 117 92 681
a 93 118 1111
a 118 93 1111
a 93 119 1011
a 119 93 1011
a 95 120 2222
a 120 95 2222
a 95 121 1014
a 121 95 1014
a 96 122 475
a 122 96 475
a 97 123 1399
a 123 97 1399
a 97 124 4200
a 124 97 4200
a 100 125 3593
a 125 100 3593
a 100 126 2304
a 126 100 2304
a 102 127 1119
a 127 102 1119
a 102 128 1024
a 128 102 1024
a 105 129 1193
a 129 105 1193
a 107 130 1392
a 130 107 1392
a 107 131 2299
a 131 107 2299
a 108 111 1392
a 111 108 1392
a 108 132 1690
a 132 108 1690
a 110 133 2948
a 133 110 2948
a 110 134 1457
a 134 110 1457
a 111 135 1248
a 135 111 1248
a 112 113 2084
a 113 112 2084
a 112 136 2087
a 136 112 2087
a 113 137 706
a 137 113 706
a 114 138 1675
a 138 114 1675
a 114 139 1099
a 139 114 1099
a 115 140 696
a 140 115 696
a 115 141 1000
a 141 115 1000
a 116 120 4039
a 120 116 4039
a 116 139 1089
a 139 116 1089
a 117 120 3343
a 120 117 3343
a 117 142 982
a 142 117 982
a 118 121 1031
a 121 118 1031
a 118 143 845
a 143 118 845
a 121 144 1059
a 144 121 1059
a 122 145 2105
a 145 122 2105
a 122 146 452
a 146 122 452
a 123 145 2382
a 145 123 2382
a 123 147 3965
a 147 123 3965
a 124 148 1536
a 148 124 1536
a 124 149 2181
a 149 124 2181
a 125 150 2205
a 150 125 2205
a 125 151 1511
a 151 125 1511
a 126 152 1193
a 152 126 1193
a 126 153 1406
a 153 126 1406
a 127 154 373
a 154 127 373
a 127 155 433
a 155 127 433
a 130 131 1806
a 131 130 1806
a 130 156 335
a 156 130 335
a 131 157 1669
a 157 131 1669
a 132 158 1637
a 158 132 1637
a 132 159 2767
a 159 132 2767
a 133 137 2578
a 137 133 2578
a 133 160 1573
a 160 133 1573
a 135 161 1345
a 161 135 1345
a 135 162 893
a 162 135 893
a 136 162 1219
a 162 136 1219
a 136 163 1134
a 163 136 1134
a 137 164 1345
a 164 137 1345
a 139 165 1234
a 165 139 1234
a 140 166 1829
a 166 140 1829
a 140 167 738
a 167 140 738
a 145 168 2082
a 168 145 2082
a 145 169 2716
a 169 145 2716
a 146 170 905
a 170 146 905
a 148 171 674
a 171 148 674
a 149 172 2948
a 172 149 2948
a 149 173 1177
a 173 149 1177
a 150 174 608
a 174 150 608
a 150 175 1542
a 175 150 1542
a 151 176 659
a 176 151 659
a 151 177 5673
a 177 151 5673
a 152 178 549
a 178 152 549
a 152 179 4088
a 179 152 4088
a 153 177 974
a 177 153 974
a 153 180 1539
a 180 153 1539
a 154 181 905
a 181 154 905
a 156 158 627
a 158 156 627
a 157 182 948
a 182 157 948
a 157 183 1872
a 183 157 1872
a 158 184 3701
a 184 158 3701
a 159 185 363
a 185 159 363
a 160 164 2044
a 164 160 2044
a 160 186 1277
a 186 160 1277
a 160 187 1343
a 187 160 1343
a 162 188 238
a 188 162 238
a 163 189 672
a 189 163 672
a 163 190 1131
a 190 163 1131
a 164 191 3997
a 191 164 3997
a 164 192 2229
a 192 164 2229
a 166 193 835
a 193 166 835
a 166 194 1855
a 194 166 1855
a 167 195 729
a 195 167 729
a 167 196 584
a 196 167 584
a 170 197 1846
a 197 170 1846
a 170 198 672
a 198 170 672
a 170 199 1896
a 199 170 1896
a 171 200 904
a 200 171 904
a 171 201 1145
a 201 171 1145
a 172 202 845
a 202 172 845
a 172 203 1423
a 203 172 1423
a 173 204 4272
a 204 173 4272
a 173 205 1981
a 205 173 1981
a 176 206 518
a 206 176 518
a 176 207 1074
a 207 176 1074
a 177 208 762
a 208 177 762
a 178 187 1713
a 187 178 1713
a 178 209 870
a 209 178 870
a 179 180 1188
a 180 179 1188
a 179 210 1525
a 210 179 1525
a 180 211 1951
a 211 180 1951
a 181 196 3673
a 196 181 3673
a 181 212 2000
a 212 181 2000
a 182 213 251
a 213 182 251
a 183 214 2340
a 214 183 2340
a 184 215 706
a 215 184 706
a 184 216 749
a 216 184 749
a 185 217 1686
a 217 185 1686
a 185 218 2473
a 218 185 2473
a 187 219 2023
a 219 187 2023
a 188 218 905
a 218 188 905
a 188 220 1790
a 220 188 1790
a 189 221 889
a 221 189 889
a 189 222 3278
a 222 189 3278
a 190 223 1242
a 223 190 1242
a 190 224 998
a 224 190 998
a 191 225 445
a 225 191 445
a 191 226 2737
a 226 191 2737
a 193 227 1332
a 227 193 1332
a 194 228 689
a 228 194 689
a 196 229 6583
a 229 196 6583
a 197 230 2281
a 230 197 2281
a 198 231 511
a 231 198 511
a 199 232 335
a 232 199 335
a 204 233 1796
a 233 204 1796
a 204 234 5191
a 234 204 5191
a 206 235 1000
a 235 206 1000
a 208 236 2731
a 236 208 2731
a 208 237 2245
a 237 208 2245
a 211 237 1611
a 237 211 1611
a 211 238 1876
a 238 211 1876
a 213 239 1114
a 239 213 1114
a 213 240 1424
a 240 213 1424
a 214 241 1428
a 241 214 1428
a 214 242 1852
a 242 214 1852
a 215 217 473
a 217 215 473
a 215 243 1031
a 243 215 1031
a 217 244 2286
a 244 217 2286
a 218 244 1031
a 244 218 1031
a 221 245 2143
a 245 221 2143
a 222 245 845
a 245 222 845
a 222 246 921
a 246 222 921
a 223 247 465
a 247 223 465
a 225 248 1178
a 248 225 1178
a 225 249 1004
a 249 225 1004
a 226 250 1344
a 250 226 1344
a 226 251 597
a 251 226 597
a 226 252 1254
a 252 226 1254
a 227 253 2513
a 253 227 2513
a 227 254 1492
a 254 227 1492
a 229 255 3192
a 255 229 3192
a 230 256 251
a 256 230 251
a 231 257 344
a 257 231 344
a 232 258 8456
a 258 232 8456
a 232 259 866
a 259 232 866
a 233 260 2340
a 260 233 2340
a 233 261 2596
a 261 233 2596
a 233 262 2761
a 262 233 2761
a 234 263 4365
a 263 234 4365
a 237 264 580
a 264 237 580
a 238 265 3963
a 265 238 3963
a 239 266 1412
a 266 239 1412
a 239 267 889
a 267 239 889
a 240 268 238
a 268 240 238
a 246 249 1344
a 249 246 1344
a 263 264 1906
a 264 263 1906
