c In this file, the DIMACS format is extended by allowing arcs of infinite weight.
c These are specified by "a U V inf", where U and V are vertex IDs.
p sp 268 572
a 1 2 722
a 2 1 722
a 2 3 445
a 3 2 445
a 2 4 883
a 4 2 883
a 3 5 1259
a 5 3 1259
a 3 6 1706
a 6 3 1706
a 4 7 748
a 7 4 748
a 4 8 1368
a 8 4 1368
a 5 9 1163
a 9 5 1163
a 5 10 407
a 10 5 407
a 6 10 360
a 10 6 360
a 6 11 887
a 11 6 887
a 7 12 740
a 12 7 740
a 7 13 1115
a 13 7 1115
a 8 14 915
a 14 8 915
a 8 15 780
a 15 8 780
a 9 16 2894
a 16 9 2894
a 9 17 3524
a 17 9 3524
a 10 18 2663
a 18 10 2663
a 14 15 838
a 15 14 838
a 14 19 554
a 19 14 554
a 15 20 527
a 20 15 527
a 16 18 1061
a 18 16 1061
a 16 21 3913
a 21 16 3913
a 18 22 1018
a 22 18 1018
a 21 23 2139
a 23 21 2139
a 22 24 1988
a 24 22 1988
a 22 25 2096
a 25 22 2096
a 23 26 3626
a 26 23 3626
a 24 27 1625
a 27 24 1625
a 24 28 610
a 28 24 610
a 25 29 3317
a 29 25 3317
a 26 30 1668
a 30 26 1668
a 26 31 736
a 31 26 736
a 27 32 3740
a 32 27 3740
a 27 33 555
a 33 27 555
a 28 34 1087
a 34 28 1087
a 29 35 2488
a 35 29 2488
a 29 36 579
a 36 29 579
a 30 37 3146
a 37 30 3146
a 30 38 587
a 38 30 587
a 31 39 811
a 39 31 811
a 32 40 1565
a 40 32 1565
a 33 41 770
a 41 33 770
a 33 42 2300
a 42 33 2300
a 34 42 1198
a 42 34 1198
a 34 43 950
a 43 34 950
a 35 44 1147
a 44 35 1147
a 35 45 1605
a 45 35 1605
a 36 46 2217
a 46 36 2217
a 37 47 4075
a 47 37 4075
a 37 48 3800
a 48 37 3800
a 37 49 1358
a 49 37 1358
a 38 50 722
a 50 38 722
a 38 51 309
a 51 38 309
a 39 52 1932
a 52 39 1932
a 40 53 1959
a 53 40 1959
a 40 54 7333
a 54 40 7333
a 42 55 1508
a 55 42 1508
a 44 56 3857
a 56 44 3857
a 44 57 663
a 57 44 663
a 45 58 839
a 58 45 839
a 45 59 1890
a 59 45 1890
a 46 60 692
a 60 46 692
a 47 61 1891
a 61 47 1891
a 48 62 1484
a 62 48 1484
a 48 63 779
a 63 48 779
a 49 64 707
a 64 49 707
a 49 65 765
a 65 49 765
a 50 66 482
a 66 50 482
a 51 67 789
a 67 51 789
a 51 68 1311
a 68 51 1311
a 52 69 5447
a 69 52 5447
a 53 70 2335
a 70 53 2335
a 54 71 2459
a 71 54 2459
a 54 72 1108
a 72 54 1108
a 55 73 753
a 73 55 753
a 55 74 408
a 74 55 408
a 56 75 1194
a 75 56 1194
a 56 76 1084
a 76 56 1084
a 56 77 1495
a 77 56 1495
a 57 58 1082
a 58 57 1082
a 57 78 832
a 78 57 832
a 58 79 494
a 79 58 494
a 61 80 1539
a 80 61 1539
a 61 81 4433
a 81 61 4433
a 62 82 2783
a 82 62 2783
a 62 83 793
a 83 62 793
a 63 84 1080
a 84 63 1080
a 63 85 1139
a 85 63 1139
a 64 86 1612
a 86 64 1612
a 65 87 1594
a 87 65 1594
a 65 88 1564
a 88 65 1564
a 67 89 1175
a 89 67 1175
a 69 90 4528
a 90 69 4528
a 69 91 1493
a 91 69 1493
a 69 92 1526
a 92 69 1526
a 70 93 4910
a 93 70 4910
a 70 94 793
a 94 70 793
a 71 95 838
a 95 71 838
a 71 96 3096
a 96 71 3096
a 75 97 900
a 97 75 900
a 76 98 1444
a 98 76 1444
a 76 99 1660
a 99 76 1660
a 77 100 1002
a 100 77 1002
a 77 101 1935
a 101 77 1935
a 77 102 4289
a 102 77 4289
a 80 103 423
a 103 80 423
a 81 104 1980
a 104 81 1980
a 82 105 2810
a 105 82 2810
a 83 106 1440
a 106 83 1440
a 83 107 1540
a 107 83 1540
a 84 108 668
a 108 84 668
a 84 109 420
a 109 84 420
a 85 110 646
a 110 85 646
a 86 111 1073
a 111 86 1073
a 86 112 1068
a 112 86 1068
a 87 113 743
a 113 87 743
a 88 114 937
a 114 88 937
a 88 115 1461
a 115 88 1461
a 89 116 947
a 116 89 947
a 89 117 651
a 117 89 651
a 89 118 1401
a 118 89 1401
a 90 119 4127
a 119 90 4127
a 90 120 668
a 120 90 668
a 90 121 2802
a 121 90 2802
a 93 122 725
a 122 93 725
a 94 123 937
a 123 94 937
a 94 124 887
a 124 94 887
a 95 125 1809
a 125 95 1809
a 95 126 522
a 126 95 522
a 96 127 1401
a 127 96 1401
a 97 101 985
a 101 97 985
a 97 128 174
a 128 97 174
a 98 129 280
a 129 98 280
a 98 130 1473
a 130 98 1473
a 100 131 1185
a 131 100 1185
a 100 132 2712
a 132 100 2712
a 101 133 129
a 133 101 129
a 103 134 1040
a 134 103 1040
a 104 135 520
a 135 104 520
a 104 136 1334
a 136 104 1334
a 104 137 1696
a 137 104 1696
a 105 138 1357
a 138 105 1357
a 106 139 885
a 139 106 885
a 106 140 1149
a 140 106 1149
a 107 140 1476
a 140 107 1476
a 107 141 1189
a 141 107 1189
a 109 110 2155
a 110 109 2155
a 109 142 1179
a 142 109 1179
a 110 143 647
a 143 110 647
a 111 144 810
a 144 111 810
a 111 145 188
a 145 111 188
a 112 146 580
a 146 112 580
a 112 147 2108
a 147 112 2108
a 115 148 586
a 148 115 586
a 115 149 1039
a 149 115 1039
a 116 150 83
a 150 116 83
a 118 151 941
a 151 118 941
a 118 152 874
a 152 118 874
a 119 153 617
a 153 119 617
a 119 154 2338
a 154 119 2338
a 120 155 548
a 155 120 548
a 121 156 10106
a 156 121 10106
a 121 157 11078
a 157 121 11078
a 122 158 391
a 158 122 391
a 122 159 1029
a 159 122 1029
a 123 160 970
a 160 123 970
a 123 161 579
a 161 123 579
a 125 162 336
a 162 125 336
a 126 163 2244
a 163 126 2244
a 126 164 1204
a 164 126 1204
a 127 131 4032
a 131 127 4032
a 127 165 1597
a 165 127 1597
a 128 166 1852
a 166 128 1852
a 129 167 1047
a 167 129 1047
a 131 168 1927
a 168 131 1927
a 132 169 366
a 169 132 366
a 132 170 586
a 170 132 586
a 132 171 302
a 171 132 302
a 133 172 836
a 172 133 836
a 134 173 445
a 173 134 445
a 134 174 94
a 174 134 94
a 135 175 1022
a 175 135 1022
a 136 176 1234
a 176 136 1234
a 136 177 931
a 177 136 931
a 137 178 1983
a 178 137 1983
a 137 179 907
a 179 137 907
a 138 180 3783
a 180 138 3783
a 140 181 1434
a 181 140 1434
a 141 181 1358
a 181 141 1358
a 141 182 1077
a 182 141 1077
a 142 183 1183
a 183 142 1183
a 142 184 1586
a 184 142 1586
a 144 185 304
a 185 144 304
a 144 186 609
a 186 144 609
a 145 187 154
a 187 145 154
a 145 188 310
a 188 145 310
a 145 189 325
a 189 145 325
a 146 190 166
a 190 146 166
a 146 191 490
a 191 146 490
a 147 192 629
a 192 147 629
a 147 193 3372
a 193 147 3372
a 148 194 412
a 194 148 412
a 148 195 833
a 195 148 833
a 149 196 326
a 196 149 326
a 151 197 182
a 197 151 182
a 151 198 542
a 198 151 542
a 152 199 1222
a 199 152 1222
a 152 200 669
a 200 152 669
a 153 201 990
a 201 153 990
a 154 202 1608
a 202 154 1608
a 154 203 1334
a 203 154 1334
a 155 204 2835
a 204 155 2835
a 155 205 2161
a 205 155 2161
a 156 206 6400
a 206 156 6400
a 157 207 812
a 207 157 812
a 158 208 813
a 208 158 813
a 158 209 3585
a 209 158 3585
a 159 210 3259
a 210 159 3259
a 159 211 848
a 211 159 848
a 160 212 1095
a 212 160 1095
a 162 213 753
a 213 162 753
a 162 214 1438
a 214 162 1438
a 164 215 3549
a 215 164 3549
a 164 216 2291
a 216 164 2291
a 165 217 623
a 217 165 623
a 165 218 809
a 218 165 809
a 166 219 2351
a 219 166 2351
a 166 220 893
a 220 166 893
a 167 221 572
a 221 167 572
a 167 222 862
a 222 167 862
a 168 223 182
a 223 168 182
a 168 224 1079
a 224 168 1079
a 169 225 66
a 225 169 66
a 173 174 434
a 174 173 434
a 173 226 607
a 226 173 607
a 173 227 279
a 227 173 279
a 174 226 425
a 226 174 425
a 174 228 1158
a 228 174 1158
a 175 229 1016
a 229 175 1016
a 176 230 1443
a 230 176 1443
a 176 231 1114
a 231 176 1114
a 178 232 1235
a 232 178 1235
a 178 233 1312
a 233 178 1312
a 179 234 1689
a 234 179 1689
a 180 235 1208
a 235 180 1208
a 181 236 956
a 236 181 956
a 182 236 1561
a 236 182 1561
a 182 237 2248
a 237 182 2248
a 183 238 1346
a 238 183 1346
a 183 239 298
a 239 183 298
a 185 240 216
a 240 185 216
a 185 241 412
a 241 185 412
a 190 242 635
a 242 190 635
a 192 243 838
a 243 192 838
a 193 244 836
a 244 193 836
a 193 245 1963
a 245 193 1963
a 194 246 1174
a 246 194 1174
a 194 247 926
a 247 194 926
a 195 248 125
a 248 195 125
a 199 249 1178
a 249 199 1178
a 199 250 754
a 250 199 754
a 200 251 458
a 251 200 458
a 201 252 1852
a 252 201 1852
a 202 253 1189
a 253 202 1189
a 202 254 860
a 254 202 860
a 203 255 2519
a 255 203 2519
a 203 256 1336
a 256 203 1336
a 204 257 495
a 257 204 495
a 205 258 2202
a 258 205 2202
a 205 259 1427
a 259 205 1427
a 207 260 8110
a 260 207 8110
a 207 261 1139
a 261 207 1139
a 208 262 321
a 262 208 321
a 208 263 1578
a 263 208 1578
a 209 264 1225
a 264 209 1225
a 209 265 2433
a 265 209 2433
a 210 266 1475
a 266 210 1475
a 210 267 2798
a 267 210 2798
a 213 214 1084
a 214 213 1084
a 213 268 4018
a 268 213 4018
a 234 244 1513
a 244 234 1513
a 245 254 681
a 254 245 681
a 247 250 1097
a 250 247 1097
a 257 258 1550
a 258 257 1550
a 265 268 1088
a 268 265 1088
