c In this file, the DIMACS format is extended by allowing arcs of infinite weight.
c These are specified by "a U V inf", where U and V are vertex IDs.
p sp 2000 6582
a 1 2 312
a 2 1 312
a 1 3 1205
a 3 1 1205
a 1 4 356
a 4 1 356
a 2 5 340
a 5 2 340
a 2 6 1183
a 6 2 1183
a 4 7 323
a 7 4 323
a 4 8 400
a 8 4 400
a 5 9 365
a 9 5 365
a 5 10 1067
a 10 5 1067
a 7 11 1338
a 11 7 1338
a 7 12 362
a 12 7 362
a 8 13 362
a 13 8 362
a 8 14 803
a 14 8 803
a 9 11 274
a 11 9 274
a 9 15 921
a 15 9 921
a 11 16 314
a 16 11 314
a 11 17 239
a 17 11 239
a 12 16 1308
a 16 12 1308
a 12 18 272
a 18 12 272
a 13 19 1697
a 19 13 1697
a 13 20 323
a 20 13 323
a 13 21 804
a 21 13 804
a 16 22 274
a 22 16 274
a 18 22 1282
a 22 18 1282
a 18 23 350
a 23 18 350
a 19 23 403
a 23 19 403
a 19 24 362
a 24 19 362
a 20 24 1687
a 24 20 1687
a 20 25 763
a 25 20 763
a 20 26 351
a 26 20 351
a 22 27 337
a 27 22 337
a 23 27 1295
a 27 23 1295
a 23 28 351
a 28 23 351
a 24 29 323
a 29 24 323
a 26 29 1711
a 29 26 1711
a 26 30 768
a 30 26 768
a 26 31 311
a 31 26 311
a 27 32 355
a 32 27 355
a 28 32 1268
a 32 28 1268
a 28 33 365
a 33 28 365
a 28 34 1812
a 34 28 1812
a 29 35 285
a 35 29 285
a 31 35 1709
a 35 31 1709
a 31 36 716
a 36 31 716
a 31 37 432
a 37 31 432
a 32 38 336
a 38 32 336
a 33 38 1293
a 38 33 1293
a 33 39 300
a 39 33 300
a 33 40 1786
a 40 33 1786
a 34 40 362
a 40 34 362
a 34 41 377
a 41 34 377
a 34 42 1696
a 42 34 1696
a 35 41 440
a 41 35 440
a 37 43 504
a 43 37 504
a 37 44 674
a 44 37 674
a 37 45 388
a 45 37 388
a 38 46 285
a 46 38 285
a 39 46 1331
a 46 39 1331
a 39 47 289
a 47 39 289
a 39 48 1758
a 48 39 1758
a 40 48 323
a 48 40 323
a 40 49 1697
a 49 40 1697
a 41 50 298
a 50 41 298
a 41 51 1681
a 51 41 1681
a 42 49 363
a 49 42 363
a 42 51 339
a 51 42 339
a 42 52 1397
a 52 42 1397
a 43 53 375
a 53 43 375
a 43 54 326
a 54 43 326
a 45 53 517
a 53 45 517
a 45 55 388
a 55 45 388
a 45 56 741
a 56 45 741
a 45 57 660
a 57 45 660
a 46 58 310
a 58 46 310
a 46 59 314
a 59 46 314
a 47 59 1332
a 59 47 1332
a 47 60 325
a 60 47 325
a 47 61 1758
a 61 47 1758
a 48 61 314
a 61 48 314
a 48 62 1709
a 62 48 1709
a 49 62 337
a 62 49 337
a 49 63 1475
a 63 49 1475
a 50 64 325
a 64 50 325
a 50 65 1687
a 65 50 1687
a 51 65 374
a 65 51 374
a 51 66 1156
a 66 51 1156
a 53 67 376
a 67 53 376
a 54 64 297
a 64 54 297
a 54 68 728
a 68 54 728
a 55 67 478
a 67 55 478
a 55 69 54
a 69 55 54
a 55 70 406
a 70 55 406
a 59 71 325
a 71 59 325
a 60 71 1332
a 71 60 1332
a 60 72 362
a 72 60 362
a 60 73 1732
a 73 60 1732
a 61 73 323
a 73 61 323
a 61 74 1680
a 74 61 1680
a 62 74 337
a 74 62 337
a 62 75 1747
a 75 62 1747
a 63 75 458
a 75 63 458
a 64 76 1704
a 76 64 1704
a 65 76 363
a 76 65 363
a 65 77 585
a 77 65 585
a 69 78 505
a 78 69 505
a 71 79 298
a 79 71 298
a 72 79 1316
a 79 72 1316
a 72 80 405
a 80 72 405
a 72 81 1748
a 81 72 1748
a 73 81 297
a 81 73 297
a 73 82 1667
a 82 73 1667
a 74 82 336
a 82 74 336
a 74 83 1980
a 83 74 1980
a 76 84 329
a 84 76 329
a 76 85 194
a 85 76 194
a 79 86 454
a 86 79 454
a 80 86 1345
a 86 80 1345
a 80 87 1719
a 87 80 1719
a 81 87 453
a 87 81 453
a 81 88 1655
a 88 81 1655
a 82 88 310
a 88 82 310
a 82 89 2082
a 89 82 2082
a 86 90 834
a 90 86 834
a 87 91 1668
a 91 87 1668
a 88 91 442
a 91 88 442
a 88 92 2172
a 92 88 2172
a 90 93 110
a 93 90 110
a 91 94 2235
a 94 91 2235
a 93 95 492
a 95 93 492
a 93 96 2598
a 96 93 2598
a 95 97 1456
a 97 95 1456
a 95 98 493
a 98 95 493
a 96 99 467
a 99 96 467
a 96 100 143
a 100 96 143
a 96 101 2067
a 101 96 2067
a 97 102 1429
a 102 97 1429
a 97 103 517
a 103 97 517
a 98 103 1427
a 103 98 1427
a 98 104 376
a 104 98 376
a 99 105 1408
a 105 99 1408
a 99 106 497
a 106 99 497
a 99 107 405
a 107 99 405
a 102 108 1463
a 108 102 1463
a 102 109 478
a 109 102 478
a 103 109 1422
a 109 103 1422
a 103 110 363
a 110 103 363
a 104 110 1415
a 110 104 1415
a 104 111 401
a 111 104 401
a 105 112 1356
a 112 105 1356
a 105 113 362
a 113 105 362
a 105 114 440
a 114 105 440
a 106 114 1453
a 114 106 1453
a 106 115 428
a 115 106 428
a 107 113 1375
a 113 107 1375
a 107 116 391
a 116 107 391
a 108 117 1399
a 117 108 1399
a 108 118 517
a 118 108 517
a 109 118 1470
a 118 109 1470
a 109 119 349
a 119 109 349
a 110 119 1411
a 119 110 1411
a 110 120 390
a 120 110 390
a 111 115 377
a 115 111 377
a 111 120 1456
a 120 111 1456
a 112 121 453
a 121 112 453
a 112 122 1390
a 122 112 1390
a 112 123 388
a 123 112 388
a 113 121 1360
a 121 113 1360
a 113 124 456
a 124 113 456
a 114 123 1350
a 123 114 1350
a 114 125 442
a 125 114 442
a 115 125 1441
a 125 115 1441
a 116 124 1378
a 124 116 1378
a 116 126 362
a 126 116 362
a 117 127 1191
a 127 117 1191
a 117 128 492
a 128 117 492
a 118 128 1351
a 128 118 1351
a 118 129 388
a 129 118 388
a 119 129 1453
a 129 119 1453
a 119 130 428
a 130 119 428
a 120 125 389
a 125 120 389
a 120 130 1393
a 130 120 1393
a 121 131 740
a 131 121 740
a 121 132 401
a 132 121 401
a 123 133 1444
a 133 123 1444
a 123 134 465
a 134 123 465
a 124 132 1313
a 132 124 1313
a 124 135 440
a 135 124 440
a 125 134 1379
a 134 125 1379
a 126 135 1372
a 135 126 1372
a 126 136 388
a 136 126 388
a 127 137 104
a 137 127 104
a 127 138 804
a 138 127 804
a 128 139 1364
a 139 128 1364
a 128 140 414
a 140 128 414
a 129 140 1374
a 140 129 1374
a 129 141 414
a 141 129 414
a 130 134 401
a 134 130 401
a 130 141 1442
a 141 130 1442
a 131 142 385
a 142 131 385
a 132 143 518
a 143 132 518
a 132 144 1053
a 144 132 1053
a 133 145 426
a 145 133 426
a 133 146 339
a 146 133 339
a 133 147 141
a 147 133 141
a 134 145 1453
a 145 134 1453
a 135 143 1306
a 143 135 1306
a 135 148 388
a 148 135 388
a 136 148 1372
a 148 136 1372
a 136 149 375
a 149 136 375
a 137 139 545
a 139 137 545
a 137 150 403
a 150 137 403
a 138 151 2370
a 151 138 2370
a 138 152 879
a 152 138 879
a 139 153 388
a 153 139 388
a 140 153 1367
a 153 140 1367
a 140 154 362
a 154 140 362
a 141 145 414
a 145 141 414
a 141 154 1378
a 154 141 1378
a 143 155 440
a 155 143 440
a 143 156 401
a 156 143 401
a 145 157 1350
a 157 145 1350
a 147 158 1203
a 158 147 1203
a 148 156 1318
a 156 148 1318
a 148 159 362
a 159 148 362
a 149 159 1411
a 159 149 1411
a 149 160 161
a 160 149 161
a 150 161 1916
a 161 150 1916
a 150 162 1313
a 162 150 1313
a 151 161 811
a 161 151 811
a 151 163 2499
a 163 151 2499
a 151 164 905
a 164 151 905
a 152 164 2398
a 164 152 2398
a 153 165 374
a 165 153 374
a 154 157 439
a 157 154 439
a 154 165 1353
a 165 154 1353
a 156 166 160
a 166 156 160
a 157 158 413
a 158 157 413
a 157 167 1386
a 167 157 1386
a 158 168 1423
a 168 158 1423
a 158 169 249
a 169 158 249
a 159 170 508
a 170 159 508
a 159 171 1061
a 171 159 1061
a 160 172 239
a 172 160 239
a 161 173 1783
a 173 161 1783
a 161 174 310
a 174 161 310
a 162 167 1293
a 167 162 1293
a 162 174 1457
a 174 162 1457
a 162 175 759
a 175 162 759
a 163 176 2136
a 176 163 2136
a 163 177 950
a 177 163 950
a 163 178 866
a 178 163 866
a 164 177 2412
a 177 164 2412
a 165 167 505
a 167 165 505
a 167 168 311
a 168 167 311
a 168 179 337
a 179 168 337
a 170 172 1459
a 172 170 1459
a 170 180 271
a 180 170 271
a 170 181 272
a 181 170 272
a 173 178 623
a 178 173 623
a 173 182 2110
a 182 173 2110
a 174 182 896
a 182 174 896
a 175 182 1014
a 182 175 1014
a 175 183 1841
a 183 175 1841
a 175 184 844
a 184 175 844
a 176 185 2254
a 185 176 2254
a 176 186 844
a 186 176 844
a 176 187 972
a 187 176 972
a 177 187 2164
a 187 177 2164
a 178 188 819
a 188 178 819
a 178 189 807
a 189 178 807
a 179 183 350
a 183 179 350
a 179 190 1217
a 190 179 1217
a 182 191 1098
a 191 182 1098
a 183 192 155
a 192 183 155
a 184 191 427
a 191 184 427
a 184 193 798
a 193 184 798
a 184 194 2190
a 194 184 2190
a 185 195 2583
a 195 185 2583
a 185 196 847
a 196 185 847
a 186 197 1785
a 197 186 1785
a 186 198 350
a 198 186 350
a 186 199 750
a 199 186 750
a 187 200 3922
a 200 187 3922
a 188 189 1320
a 189 188 1320
a 188 199 623
a 199 188 623
a 189 191 2699
a 191 189 2699
a 189 201 972
a 201 189 972
a 190 202 715
a 202 190 715
a 192 194 690
a 194 192 690
a 192 202 534
a 202 192 534
a 193 201 2651
a 201 193 2651
a 193 203 755
a 203 193 755
a 193 204 2416
a 204 193 2416
a 194 205 186
a 205 194 186
a 195 206 2319
a 206 195 2319
a 195 207 905
a 207 195 905
a 196 197 497
a 197 196 497
a 196 208 1125
a 208 196 1125
a 196 209 638
a 209 196 638
a 197 210 2181
a 210 197 2181
a 198 210 878
a 210 198 878
a 198 211 515
a 211 198 515
a 199 211 659
a 211 199 659
a 200 212 2306
a 212 200 2306
a 200 213 852
a 213 200 852
a 201 211 2280
a 211 201 2280
a 201 214 822
a 214 201 822
a 202 205 858
a 205 202 858
a 202 215 228
a 215 202 228
a 203 214 2588
a 214 203 2588
a 203 216 2468
a 216 203 2468
a 203 217 2414
a 217 203 2414
a 204 205 916
a 205 204 916
a 204 217 774
a 217 204 774
a 204 218 2365
a 218 204 2365
a 205 219 2447
a 219 205 2447
a 206 220 2257
a 220 206 2257
a 206 221 802
a 221 206 802
a 206 222 909
a 222 206 909
a 207 208 1312
a 208 207 1312
a 207 223 260
a 223 207 260
a 208 209 982
a 209 208 982
a 209 224 809
a 224 209 809
a 209 225 2593
a 225 209 2593
a 210 211 776
a 211 210 776
a 210 214 2330
a 214 210 2330
a 210 225 833
a 225 210 833
a 212 226 2452
a 226 212 2452
a 212 227 788
a 227 212 788
a 213 227 2289
a 227 213 2289
a 213 228 801
a 228 213 801
a 214 229 824
a 229 214 824
a 216 230 2506
a 230 216 2506
a 216 231 2596
a 231 216 2596
a 216 232 2401
a 232 216 2401
a 217 233 826
a 233 217 826
a 217 234 2368
a 234 217 2368
a 218 219 956
a 219 218 956
a 218 234 756
a 234 218 756
a 219 235 2271
a 235 219 2271
a 219 236 676
a 236 219 676
a 220 237 2498
a 237 220 2498
a 220 238 1011
a 238 220 1011
a 220 239 775
a 239 220 775
a 221 239 2306
a 239 221 2306
a 221 240 725
a 240 221 725
a 222 241 789
a 241 222 789
a 222 242 779
a 242 222 779
a 223 224 2298
a 224 223 2298
a 223 243 440
a 243 223 440
a 224 244 794
a 244 224 794
a 224 245 2617
a 245 224 2617
a 225 229 2256
a 229 225 2256
a 225 245 776
a 245 225 776
a 226 246 2340
a 246 226 2340
a 226 247 847
a 247 226 847
a 226 248 767
a 248 226 767
a 227 248 2371
a 248 227 2371
a 227 249 802
a 249 227 802
a 228 249 2262
a 249 228 2262
a 228 250 884
a 250 228 884
a 229 251 776
a 251 229 776
a 230 252 828
a 252 230 828
a 230 253 2552
a 253 230 2552
a 230 254 2405
a 254 230 2405
a 231 251 812
a 251 231 812
a 231 255 2316
a 255 231 2316
a 231 256 837
a 256 231 837
a 232 233 1585
a 233 232 1585
a 232 257 812
a 257 232 812
a 232 258 1472
a 258 232 1472
a 233 259 2424
a 259 233 2424
a 234 259 815
a 259 234 815
a 235 260 2580
a 260 235 2580
a 235 261 575
a 261 235 575
a 236 262 183
a 262 236 183
a 237 263 531
a 263 237 531
a 237 264 767
a 264 237 767
a 237 265 375
a 265 237 375
a 238 266 1530
a 266 238 1530
a 238 267 797
a 267 238 797
a 238 268 943
a 268 238 943
a 239 264 2407
a 264 239 2407
a 239 269 751
a 269 239 751
a 240 269 2310
a 269 240 2310
a 240 270 959
a 270 240 959
a 241 268 497
a 268 241 497
a 241 271 2149
a 271 241 2149
a 242 243 974
a 243 242 974
a 242 272 834
a 272 242 834
a 243 272 498
a 272 243 498
a 244 255 2555
a 255 244 2555
a 244 272 2678
a 272 244 2678
a 244 273 845
a 273 244 845
a 245 251 2257
a 251 245 2257
a 245 255 842
a 255 245 842
a 246 274 2312
a 274 246 2312
a 246 275 892
a 275 246 892
a 246 276 764
a 276 246 764
a 247 276 2293
a 276 247 2293
a 248 275 2427
a 275 248 2427
a 248 277 776
a 277 248 776
a 249 277 2447
a 277 249 2447
a 249 278 884
a 278 249 884
a 250 278 2262
a 278 250 2262
a 250 279 765
a 279 250 765
a 252 280 2590
a 280 252 2590
a 252 281 833
a 281 252 833
a 252 282 2453
a 282 252 2453
a 253 280 842
a 280 253 842
a 253 283 2130
a 283 253 2130
a 253 284 809
a 284 253 809
a 254 282 983
a 282 254 983
a 254 285 2380
a 285 254 2380
a 254 286 771
a 286 254 771
a 255 287 813
a 287 255 813
a 256 284 812
a 284 256 812
a 256 287 2350
a 287 256 2350
a 257 286 795
a 286 257 795
a 257 288 1809
a 288 257 1809
a 258 288 878
a 288 258 878
a 258 289 930
a 289 258 930
a 259 289 1620
a 289 259 1620
a 259 290 2347
a 290 259 2347
a 260 291 599
a 291 260 599
a 260 292 2082
a 292 260 2082
a 260 293 780
a 293 260 780
a 263 265 683
a 265 263 683
a 263 294 1270
a 294 263 1270
a 264 294 1678
a 294 264 1678
a 264 295 804
a 295 264 804
a 265 296 443
a 296 265 443
a 266 296 650
a 296 266 650
a 266 297 2084
a 297 266 2084
a 267 268 540
a 268 267 540
a 267 297 865
a 297 267 865
a 267 298 2614
a 298 267 2614
a 269 295 2383
a 295 269 2383
a 269 299 844
a 299 269 844
a 270 299 2289
a 299 270 2289
a 270 300 753
a 300 270 753
a 271 272 849
a 272 271 849
a 271 273 2661
a 273 271 2661
a 271 298 747
a 298 271 747
a 273 287 2578
a 287 273 2578
a 273 301 759
a 301 273 759
a 274 302 2420
a 302 274 2420
a 274 303 868
a 303 274 868
a 274 304 757
a 304 274 757
a 275 304 2211
a 304 275 2211
a 275 305 744
a 305 275 744
a 276 300 792
a 300 276 792
a 276 303 2303
a 303 276 2303
a 277 305 2281
a 305 277 2281
a 277 306 898
a 306 277 898
a 278 306 2436
a 306 278 2436
a 278 307 775
a 307 278 775
a 279 307 2302
a 307 279 2302
a 279 308 781
a 308 279 781
a 280 309 780
a 309 280 780
a 280 310 1830
a 310 280 1830
a 281 309 2583
a 309 281 2583
a 281 311 753
a 311 281 753
a 281 312 2420
a 312 281 2420
a 282 312 810
a 312 282 810
a 282 313 2384
a 313 282 2384
a 283 310 848
a 310 283 848
a 283 314 202
a 314 283 202
a 283 315 507
a 315 283 507
a 284 316 2402
a 316 284 2402
a 285 313 965
a 313 285 965
a 285 317 809
a 317 285 809
a 285 318 2384
a 318 285 2384
a 286 317 2369
a 317 286 2369
a 287 316 787
a 316 287 787
a 288 319 560
a 319 288 560
a 289 319 789
a 319 289 789
a 289 320 2365
a 320 289 2365
a 290 321 846
a 321 290 846
a 290 322 1932
a 322 290 1932
a 291 323 1025
a 323 291 1025
a 291 324 2072
a 324 291 2072
a 292 324 498
a 324 292 498
a 292 325 277
a 325 292 277
a 292 326 717
a 326 292 717
a 293 327 444
a 327 293 444
a 293 328 980
a 328 293 980
a 293 329 776
a 329 293 776
a 294 330 809
a 330 294 809
a 294 331 754
a 331 294 754
a 295 332 2268
a 332 295 2268
a 295 333 873
a 333 295 873
a 296 334 848
a 334 296 848
a 297 335 815
a 335 297 815
a 297 336 2608
a 336 297 2608
a 298 301 2622
a 301 298 2622
a 298 336 900
a 336 298 900
a 299 333 2360
a 333 299 2360
a 299 337 857
a 337 299 857
a 300 337 2269
a 337 300 2269
a 301 316 2518
a 316 301 2518
a 301 338 862
a 338 301 862
a 302 339 2318
a 339 302 2318
a 302 340 804
a 340 302 804
a 302 341 788
a 341 302 788
a 303 337 725
a 337 303 725
a 303 341 2401
a 341 303 2401
a 304 340 2450
a 340 304 2450
a 304 342 775
a 342 304 775
a 305 342 2304
a 342 305 2304
a 305 343 899
a 343 305 899
a 306 343 2281
a 343 306 2281
a 306 344 842
a 344 306 842
a 307 344 2403
a 344 307 2403
a 307 345 840
a 345 307 840
a 308 345 2370
a 345 308 2370
a 308 346 505
a 346 308 505
a 308 347 2496
a 347 308 2496
a 309 348 1543
a 348 309 1543
a 309 349 812
a 349 309 812
a 310 348 899
a 348 310 899
a 310 350 461
a 350 310 461
a 311 349 2555
a 349 311 2555
a 311 351 762
a 351 311 762
a 311 352 2448
a 352 311 2448
a 312 352 683
a 352 312 683
a 312 353 2408
a 353 312 2408
a 313 353 776
a 353 313 776
a 313 354 914
a 354 313 914
a 314 315 423
a 315 314 423
a 314 338 2621
a 338 314 2621
a 314 350 846
a 350 314 846
a 315 316 387
a 316 315 387
a 317 319 795
a 319 317 795
a 317 355 2386
a 355 317 2386
a 318 355 827
a 355 318 827
a 318 356 891
a 356 318 891
a 318 357 2658
a 357 318 2658
a 320 321 776
a 321 320 776
a 320 358 776
a 358 320 776
a 320 359 2603
a 359 320 2603
a 321 360 898
a 360 321 898
a 322 361 545
a 361 322 545
a 323 361 807
a 361 323 807
a 323 362 1594
a 362 323 1594
a 324 325 566
a 325 324 566
a 324 362 1255
a 362 324 1255
a 325 363 442
a 363 325 442
a 325 364 977
a 364 325 977
a 326 365 316
a 365 326 316
a 326 366 862
a 366 326 862
a 326 367 556
a 367 326 556
a 330 334 2408
a 334 330 2408
a 330 368 3944
a 368 330 3944
a 330 369 852
a 369 330 852
a 331 332 521
a 332 331 521
a 331 370 813
a 370 331 813
a 332 370 724
a 370 332 724
a 332 371 819
a 371 332 819
a 333 371 2290
a 371 333 2290
a 333 372 801
a 372 333 801
a 334 335 2756
a 335 334 2756
a 334 373 851
a 373 334 851
a 335 374 819
a 374 335 819
a 335 375 2607
a 375 335 2607
a 336 338 2609
a 338 336 2609
a 336 375 833
a 375 336 833
a 337 372 2459
a 372 337 2459
a 338 376 805
a 376 338 805
a 339 377 865
a 377 339 865
a 339 378 3387
a 378 339 3387
a 339 379 774
a 379 339 774
a 340 379 2251
a 379 340 2251
a 340 380 842
a 380 340 842
a 341 372 796
a 372 341 796
a 341 377 2263
a 377 341 2263
a 342 380 2417
a 380 342 2417
a 342 381 921
a 381 342 921
a 343 381 2331
a 381 343 2331
a 343 382 827
a 382 343 827
a 344 382 2320
a 382 344 2320
a 344 383 819
a 383 344 819
a 345 383 2349
a 383 345 2349
a 345 384 508
a 384 345 508
a 346 384 2344
a 384 346 2344
a 346 385 879
a 385 346 879
a 346 386 2354
a 386 346 2354
a 347 386 527
a 386 347 527
a 348 387 800
a 387 348 800
a 348 388 808
a 388 348 808
a 349 388 1276
a 388 349 1276
a 349 389 771
a 389 349 771
a 350 376 2539
a 376 350 2539
a 350 387 882
a 387 350 882
a 351 389 2611
a 389 351 2611
a 351 390 826
a 390 351 826
a 351 391 2456
a 391 351 2456
a 352 391 837
a 391 352 837
a 352 392 2433
a 392 352 2433
a 353 392 762
a 392 353 762
a 353 393 1095
a 393 353 1095
a 354 356 1463
a 356 354 1463
a 354 394 100
a 394 354 100
a 355 358 792
a 358 355 792
a 355 395 2642
a 395 355 2642
a 356 396 776
a 396 356 776
a 356 397 2639
a 397 356 2639
a 357 395 849
a 395 357 849
a 357 397 887
a 397 357 887
a 357 398 1487
a 398 357 1487
a 358 399 2607
a 399 358 2607
a 359 399 759
a 399 359 759
a 359 400 815
a 400 359 815
a 359 401 1300
a 401 359 1300
a 360 400 1692
a 400 360 1692
a 360 402 1242
a 402 360 1242
a 361 400 832
a 400 361 832
a 361 403 1400
a 403 361 1400
a 362 403 898
a 403 362 898
a 363 404 3391
a 404 363 3391
a 363 405 281
a 405 363 281
a 363 406 1078
a 406 363 1078
a 364 407 823
a 407 364 823
a 366 407 1074
a 407 366 1074
a 366 408 769
a 408 366 769
a 366 409 595
a 409 366 595
a 368 410 1124
a 410 368 1124
a 368 411 1866
a 411 368 1866
a 368 412 983
a 412 368 983
a 369 373 2407
a 373 369 2407
a 369 412 3422
a 412 369 3422
a 369 413 773
a 413 369 773
a 370 414 1667
a 414 370 1667
a 371 414 2162
a 414 371 2162
a 371 415 854
a 415 371 854
a 372 415 2242
a 415 372 2242
a 373 374 2780
a 374 373 2780
a 373 416 723
a 416 373 723
a 374 417 758
a 417 374 758
a 374 418 2573
a 418 374 2573
a 375 376 2650
a 376 375 2650
a 375 418 794
a 418 375 794
a 376 419 826
a 419 376 826
a 377 415 716
a 415 377 716
a 377 420 3316
a 420 377 3316
a 378 421 390
a 421 378 390
a 378 422 705
a 422 378 705
a 379 422 3100
a 422 379 3100
a 379 423 879
a 423 379 879
a 380 423 2293
a 423 380 2293
a 380 424 884
a 424 380 884
a 381 424 2400
a 424 381 2400
a 381 425 765
a 425 381 765
a 382 425 2287
a 425 382 2287
a 382 426 814
a 426 382 814
a 383 426 2396
a 426 383 2396
a 383 427 519
a 427 383 519
a 384 427 2363
a 427 384 2363
a 384 428 816
a 428 384 816
a 385 428 2250
a 428 385 2250
a 385 429 884
a 429 385 884
a 385 430 2628
a 430 385 2628
a 386 430 849
a 430 386 849
a 387 419 2549
a 419 387 2549
a 387 431 779
a 431 387 779
a 388 431 1044
a 431 388 1044
a 388 432 874
a 432 388 874
a 389 432 951
a 432 389 951
a 389 433 842
a 433 389 842
a 390 433 2633
a 433 390 2633
a 390 434 801
a 434 390 801
a 390 435 2473
a 435 390 2473
a 391 435 717
a 435 391 717
a 391 436 2408
a 436 391 2408
a 392 436 758
a 436 392 758
a 392 437 2353
a 437 392 2353
a 393 438 27
a 438 393 27
a 393 439 345
a 439 393 345
a 395 399 797
a 399 395 797
a 395 440 1393
a 440 395 1393
a 396 437 795
a 437 396 795
a 396 438 1254
a 438 396 1254
a 396 441 2643
a 441 396 2643
a 397 441 759
a 441 397 759
a 397 442 502
a 442 397 502
a 398 440 849
a 440 398 849
a 398 443 355
a 443 398 355
a 398 444 1668
a 444 398 1668
a 399 445 1348
a 445 399 1348
a 400 446 1271
a 446 400 1271
a 401 445 805
a 445 401 805
a 401 446 748
a 446 401 748
a 403 447 238
a 447 403 238
a 404 448 885
a 448 404 885
a 405 449 959
a 449 405 959
a 405 450 1224
a 450 405 1224
a 405 451 992
a 451 405 992
a 406 452 233
a 452 406 233
a 407 453 860
a 453 407 860
a 408 454 1351
a 454 408 1351
a 408 455 404
a 455 408 404
a 410 414 1383
a 414 410 1383
a 410 456 168
a 456 410 168
a 410 457 1189
a 457 410 1189
a 411 457 864
a 457 411 864
a 411 458 2772
a 458 411 2772
a 411 459 833
a 459 411 833
a 412 459 2386
a 459 412 2386
a 412 460 943
a 460 412 943
a 413 416 2435
a 416 413 2435
a 413 460 2865
a 460 413 2865
a 413 461 773
a 461 413 773
a 415 456 3296
a 456 415 3296
a 416 417 2773
a 417 416 2773
a 416 462 789
a 462 416 789
a 417 463 788
a 463 417 788
a 417 464 2531
a 464 417 2531
a 418 419 2609
a 419 418 2609
a 418 464 790
a 464 418 790
a 419 465 759
a 465 419 759
a 420 456 636
a 456 420 636
a 420 466 183
a 466 420 183
a 421 466 819
a 466 421 819
a 421 467 515
a 467 421 515
a 421 468 543
a 468 421 543
a 422 469 1089
a 469 422 1089
a 422 470 666
a 470 422 666
a 423 471 2472
a 471 423 2472
a 423 472 847
a 472 423 847
a 424 472 2277
a 472 424 2277
a 424 473 737
a 473 424 737
a 425 473 2424
a 473 425 2424
a 425 474 858
a 474 425 858
a 426 474 2200
a 474 426 2200
a 426 475 476
a 475 426 476
a 427 475 2341
a 475 427 2341
a 427 476 764
a 476 427 764
a 428 476 2358
a 476 428 2358
a 428 477 918
a 477 428 918
a 429 477 2317
a 477 429 2317
a 429 478 781
a 478 429 781
a 429 479 2514
a 479 429 2514
a 430 479 865
a 479 430 865
a 431 465 2564
a 465 431 2564
a 431 480 731
a 480 431 731
a 432 480 1400
a 480 432 1400
a 432 481 816
a 481 432 816
a 433 481 644
a 481 433 644
a 433 482 776
a 482 433 776
a 434 482 2666
a 482 434 2666
a 434 483 807
a 483 434 807
a 434 484 2440
a 484 434 2440
a 435 484 776
a 484 435 776
a 435 485 2407
a 485 435 2407
a 436 485 864
a 485 436 864
a 436 486 2355
a 486 436 2355
a 437 486 741
a 486 437 741
a 437 487 2663
a 487 437 2663
a 440 445 752
a 445 440 752
a 441 444 1669
a 444 441 1669
a 441 487 779
a 487 441 779
a 443 448 2344
a 448 443 2344
a 443 488 3228
a 488 443 3228
a 443 489 280
a 489 443 280
a 444 490 748
a 490 444 748
a 446 447 588
a 447 446 588
a 447 491 575
a 491 447 575
a 448 491 862
a 491 448 862
a 449 492 876
a 492 449 876
a 449 493 1721
a 493 449 1721
a 450 493 852
a 493 450 852
a 450 494 851
a 494 450 851
a 450 495 1612
a 495 450 1612
a 451 494 722
a 494 451 722
a 452 494 927
a 494 452 927
a 452 496 3133
a 496 452 3133
a 453 454 110
a 454 453 110
a 453 497 43
a 497 453 43
a 454 498 218
a 498 454 218
a 457 467 831
a 467 457 831
a 457 499 2808
a 499 457 2808
a 458 499 870
a 499 458 870
a 458 500 2624
a 500 458 2624
a 458 501 908
a 501 458 908
a 459 501 2765
a 501 459 2765
a 459 502 740
a 502 459 740
a 460 502 2920
a 502 460 2920
a 460 503 752
a 503 460 752
a 460 504 880
a 504 460 880
a 461 504 2378
a 504 461 2378
a 461 505 687
a 505 461 687
a 462 463 2756
a 463 462 2756
a 462 506 720
a 506 462 720
a 463 507 756
a 507 463 756
a 463 508 2568
a 508 463 2568
a 464 465 2651
a 465 464 2651
a 464 508 792
a 508 464 792
a 465 509 761
a 509 465 761
a 466 467 650
a 467 466 650
a 467 510 2772
a 510 467 2772
a 468 469 1044
a 469 468 1044
a 468 511 2394
a 511 468 2394
a 469 512 1649
a 512 469 1649
a 469 513 1308
a 513 469 1308
a 470 471 232
a 471 470 232
a 470 513 2070
a 513 470 2070
a 470 514 190
a 514 470 190
a 471 514 220
a 514 471 220
a 472 515 2537
a 515 472 2537
a 472 516 802
a 516 472 802
a 473 516 2269
a 516 473 2269
a 473 517 830
a 517 473 830
a 474 517 2448
a 517 474 2448
a 474 518 517
a 518 474 517
a 475 518 2332
a 518 475 2332
a 475 519 816
a 519 475 816
a 476 519 2345
a 519 476 2345
a 476 520 870
a 520 476 870
a 477 520 2303
a 520 477 2303
a 477 521 776
a 521 477 776
a 478 521 2369
a 521 478 2369
a 478 522 828
a 522 478 828
a 478 523 2499
a 523 478 2499
a 479 523 792
a 523 479 792
a 480 509 2477
a 509 480 2477
a 480 524 776
a 524 480 776
a 481 524 1642
a 524 481 1642
a 481 525 857
a 525 481 857
a 482 525 392
a 525 482 392
a 482 526 819
a 526 482 819
a 483 526 2593
a 526 483 2593
a 483 527 791
a 527 483 791
a 483 528 2423
a 528 483 2423
a 484 528 806
a 528 484 806
a 484 529 2433
a 529 484 2433
a 485 529 708
a 529 485 708
a 485 530 2380
a 530 485 2380
a 486 530 830
a 530 486 830
a 486 531 2651
a 531 486 2651
a 487 490 1694
a 490 487 1694
a 487 531 831
a 531 487 831
a 488 532 851
a 532 488 851
a 489 533 854
a 533 489 854
a 489 534 489
a 534 489 489
a 489 535 783
a 535 489 783
a 490 536 859
a 536 490 859
a 492 537 870
a 537 492 870
a 492 538 2092
a 538 492 2092
a 493 538 711
a 538 493 711
a 493 539 1366
a 539 493 1366
a 494 540 1805
a 540 494 1805
a 494 541 2454
a 541 494 2454
a 496 542 457
a 542 496 457
a 496 543 10456
a 543 496 10456
a 498 544 1023
a 544 498 1023
a 499 510 825
a 510 499 825
a 499 545 2572
a 545 499 2572
a 500 545 843
a 545 500 843
a 500 546 2684
a 546 500 2684
a 500 547 870
a 547 500 870
a 501 547 2637
a 547 501 2637
a 501 548 662
a 548 501 662
a 502 548 2790
a 548 502 2790
a 502 549 726
a 549 502 726
a 503 504 410
a 504 503 410
a 503 549 2954
a 549 503 2954
a 503 550 737
a 550 503 737
a 504 551 881
a 551 504 881
a 505 506 2389
a 506 505 2389
a 505 551 1944
a 551 505 1944
a 505 552 900
a 552 505 900
a 506 507 2751
a 507 506 2751
a 506 553 845
a 553 506 845
a 507 554 843
a 554 507 843
a 507 555 2573
a 555 507 2573
a 508 509 2693
a 509 508 2693
a 508 555 719
a 555 508 719
a 509 556 773
a 556 509 773
a 510 511 769
a 511 510 769
a 510 557 2683
a 557 510 2683
a 511 512 819
a 512 511 819
a 511 558 2647
a 558 511 2647
a 512 559 2608
a 559 512 2608
a 512 560 944
a 560 512 944
a 513 560 696
a 560 513 696
a 513 561 843
a 561 513 843
a 513 562 1088
a 562 513 1088
a 514 515 711
a 515 514 711
a 515 563 155
a 563 515 155
a 516 564 2565
a 564 516 2565
a 516 565 830
a 565 516 830
a 517 565 2269
a 565 517 2269
a 517 566 543
a 566 517 543
a 518 566 2399
a 566 518 2399
a 518 567 776
a 567 518 776
a 519 567 2342
a 567 519 2342
a 519 568 844
a 568 519 844
a 520 568 2344
a 568 520 2344
a 520 569 816
a 569 520 816
a 521 569 2293
a 569 521 2293
a 521 570 816
a 570 521 816
a 522 571 622
a 571 522 622
a 522 572 830
a 572 522 830
a 522 573 2601
a 573 522 2601
a 523 573 866
a 573 523 866
a 523 574 1373
a 574 523 1373
a 524 556 2495
a 556 524 2495
a 524 575 824
a 575 524 824
a 525 526 913
a 526 525 913
a 525 575 1956
a 575 525 1956
a 526 576 2386
a 576 526 2386
a 526 577 383
a 577 526 383
a 527 578 776
a 578 527 776
a 527 579 2431
a 579 527 2431
a 527 580 2472
a 580 527 2472
a 528 580 948
a 580 528 948
a 528 581 2451
a 581 528 2451
a 529 581 807
a 581 529 807
a 529 582 2350
a 582 529 2350
a 530 582 776
a 582 530 776
a 530 583 2545
a 583 530 2545
a 531 536 1746
a 536 531 1746
a 531 583 674
a 583 531 674
a 532 584 919
a 584 532 919
a 532 585 275
a 585 532 275
a 532 586 202
a 586 532 202
a 533 587 832
a 587 533 832
a 533 588 488
a 588 533 488
a 534 589 609
a 589 534 609
a 534 590 1384
a 590 534 1384
a 535 591 168
a 591 535 168
a 535 592 352
a 592 535 352
a 536 585 771
a 585 536 771
a 537 593 854
a 593 537 854
a 537 594 912
a 594 537 912
a 538 595 258
a 595 538 258
a 538 596 1095
a 596 538 1095
a 541 542 1113
a 542 541 1113
a 542 543 10081
a 543 542 10081
a 543 597 824
a 597 543 824
a 544 598 628
a 598 544 628
a 545 557 827
a 557 545 827
a 545 599 2711
a 599 545 2711
a 546 599 792
a 599 546 792
a 546 600 2683
a 600 546 2683
a 546 601 846
a 601 546 846
a 547 601 2717
a 601 547 2717
a 547 602 731
a 602 547 731
a 548 602 2683
a 602 548 2683
a 548 603 819
a 603 548 819
a 549 603 2786
a 603 549 2786
a 549 604 792
a 604 549 792
a 550 551 869
a 551 550 869
a 550 604 2961
a 604 550 2961
a 550 605 887
a 605 550 887
a 551 606 1182
a 606 551 1182
a 552 553 2398
a 553 552 2398
a 552 606 1126
a 606 552 1126
a 552 607 816
a 607 552 816
a 553 554 2733
a 554 553 2733
a 553 608 884
a 608 553 884
a 554 609 840
a 609 554 840
a 554 610 2588
a 610 554 2588
a 555 556 2683
a 556 555 2683
a 555 610 864
a 610 555 864
a 556 611 876
a 611 556 876
a 557 558 767
a 558 557 767
a 557 612 2622
a 612 557 2622
a 558 559 831
a 559 558 831
a 558 613 2677
a 613 558 2677
a 559 614 2718
a 614 559 2718
a 559 615 904
a 615 559 904
a 560 561 389
a 561 560 389
a 560 615 2596
a 615 560 2596
a 560 616 811
a 616 560 811
a 561 562 369
a 562 561 369
a 561 617 57
a 617 561 57
a 562 563 2397
a 563 562 2397
a 562 616 360
a 616 562 360
a 562 618 805
a 618 562 805
a 563 564 672
a 564 563 672
a 564 619 325
a 619 564 325
a 565 620 2563
a 620 565 2563
a 565 621 556
a 621 565 556
a 566 621 2283
a 621 566 2283
a 566 622 776
a 622 566 776
a 567 622 2398
a 622 567 2398
a 567 623 873
a 623 567 873
a 568 623 2318
a 623 568 2318
a 568 624 762
a 624 568 762
a 569 624 2365
a 624 569 2365
a 569 625 851
a 625 569 851
a 570 571 1732
a 571 570 1732
a 570 626 1147
a 626 570 1147
a 570 627 337
a 627 570 337
a 571 628 1393
a 628 571 1393
a 572 628 1738
a 628 572 1738
a 572 629 787
a 629 572 787
a 573 630 1327
a 630 573 1327
a 574 630 807
a 630 574 807
a 575 576 830
a 576 575 830
a 575 611 2539
a 611 575 2539
a 576 631 2480
a 631 576 2480
a 576 632 816
a 632 576 816
a 577 579 475
a 579 577 475
a 577 633 404
a 633 577 404
a 578 634 918
a 634 578 918
a 578 635 2169
a 635 578 2169
a 578 636 2494
a 636 578 2494
a 579 633 202
a 633 579 202
a 579 635 808
a 635 579 808
a 580 636 744
a 636 580 744
a 580 637 2428
a 637 580 2428
a 581 637 851
a 637 581 851
a 581 638 2395
a 638 581 2395
a 582 638 759
a 638 582 759
a 582 639 2470
a 639 582 2470
a 583 585 1823
a 585 583 1823
a 583 639 786
a 639 583 786
a 584 640 2193
a 640 584 2193
a 585 641 839
a 641 585 839
a 586 642 518
a 642 586 518
a 586 643 1167
a 643 586 1167
a 586 644 803
a 644 586 803
a 587 645 762
a 645 587 762
a 587 646 1198
a 646 587 1198
a 588 647 87
a 647 588 87
a 589 648 484
a 648 589 484
a 589 649 972
a 649 589 972
a 590 648 767
a 648 590 767
a 590 650 532
a 650 590 532
a 590 651 756
a 651 590 756
a 591 652 818
a 652 591 818
a 591 653 469
a 653 591 469
a 592 653 205
a 653 592 205
a 592 654 418
a 654 592 418
a 593 655 795
a 655 593 795
a 593 656 2086
a 656 593 2086
a 594 657 1261
a 657 594 1261
a 595 658 347
a 658 595 347
a 595 659 29
a 659 595 29
a 595 660 1120
a 660 595 1120
a 597 661 471
a 661 597 471
a 598 662 306
a 662 598 306
a 599 612 920
a 612 599 920
a 599 663 2699
a 663 599 2699
a 600 663 813
a 663 600 813
a 600 664 805
a 664 600 805
a 600 665 2671
a 665 600 2671
a 601 664 2716
a 664 601 2716
a 601 666 691
a 666 601 691
a 602 666 2620
a 666 602 2620
a 602 667 694
a 667 602 694
a 603 667 2668
a 667 603 2668
a 603 668 744
a 668 603 744
a 604 668 2741
a 668 604 2741
a 604 669 830
a 669 604 830
a 605 606 1649
a 606 605 1649
a 605 670 738
a 670 605 738
a 605 671 829
a 671 605 829
a 606 672 1165
a 672 606 1165
a 607 608 2368
a 608 607 2368
a 607 672 400
a 672 607 400
a 607 673 862
a 673 607 862
a 608 609 2796
a 609 608 2796
a 608 674 813
a 674 608 813
a 609 675 804
a 675 609 804
a 609 676 2521
a 676 609 2521
a 610 611 2609
a 611 610 2609
a 610 676 792
a 676 610 792
a 611 631 805
a 631 611 805
a 612 613 771
a 613 612 771
a 612 677 2677
a 677 612 2677
a 613 614 802
a 614 613 802
a 613 678 2699
a 678 613 2699
a 614 679 2663
a 679 614 2663
a 614 680 920
a 680 614 920
a 615 680 2697
a 680 615 2697
a 615 681 766
a 681 615 766
a 616 617 431
a 617 616 431
a 616 681 2275
a 681 616 2275
a 616 682 969
a 682 616 969
a 618 619 1809
a 619 618 1809
a 618 682 951
a 682 618 951
a 618 683 762
a 683 618 762
a 619 620 480
a 620 619 480
a 620 684 427
a 684 620 427
a 621 685 2480
a 685 621 2480
a 621 686 792
a 686 621 792
a 622 686 2247
a 686 622 2247
a 622 687 856
a 687 622 856
a 623 687 2436
a 687 623 2436
a 623 688 764
a 688 623 764
a 624 688 2293
a 688 624 2293
a 624 689 1034
a 689 624 1034
a 625 626 1085
a 626 625 1085
a 625 690 1376
a 690 625 1376
a 625 691 147
a 691 625 147
a 626 692 884
a 692 626 884
a 627 693 1739
a 693 627 1739
a 627 694 531
a 694 627 531
a 628 694 633
a 694 628 633
a 628 695 732
a 695 628 732
a 629 696 2245
a 696 629 2245
a 629 697 716
a 697 629 716
a 630 698 11474
a 698 630 11474
a 631 676 2681
a 676 631 2681
a 631 699 809
a 699 631 809
a 632 633 2317
a 633 632 2317
a 632 699 2515
a 699 632 2515
a 632 700 751
a 700 632 751
a 633 701 801
a 701 633 801
a 634 702 973
a 702 634 973
a 634 703 1827
a 703 634 1827
a 634 704 2552
a 704 634 2552
a 635 701 427
a 701 635 427
a 635 703 915
a 703 635 915
a 636 704 908
a 704 636 908
a 636 705 2393
a 705 636 2393
a 637 705 738
a 705 637 738
a 637 706 2385
a 706 637 2385
a 638 706 905
a 706 638 905
a 638 707 728
a 707 638 728
a 639 708 705
a 708 639 705
a 640 709 297
a 709 640 297
a 640 710 316
a 710 640 316
a 640 711 184
a 711 640 184
a 641 712 1096
a 712 641 1096
a 641 713 552
a 713 641 552
a 642 714 516
a 714 642 516
a 642 715 1178
a 715 642 1178
a 643 715 274
a 715 643 274
a 643 716 657
a 716 643 657
a 643 717 59
a 717 643 59
a 644 645 863
a 645 644 863
a 644 716 1141
a 716 644 1141
a 645 718 1135
a 718 645 1135
a 646 719 591
a 719 646 591
a 646 720 775
a 720 646 775
a 647 648 1252
a 648 647 1252
a 647 721 804
a 721 647 804
a 648 721 840
a 721 648 840
a 650 722 1566
a 722 650 1566
a 650 723 75
a 723 650 75
a 652 723 838
a 723 652 838
a 653 724 351
a 724 653 351
a 653 725 904
a 725 653 904
a 654 655 791
a 655 654 791
a 654 724 204
a 724 654 204
a 655 726 290
a 726 655 290
a 656 727 351
a 727 656 351
a 656 728 346
a 728 656 346
a 657 658 438
a 658 657 438
a 657 727 256
a 727 657 256
a 658 729 1120
a 729 658 1120
a 658 730 24
a 730 658 24
a 661 731 848
a 731 661 848
a 662 732 71
a 732 662 71
a 663 677 954
a 677 663 954
a 663 733 2647
a 733 663 2647
a 664 734 744
a 734 664 744
a 664 735 2562
a 735 664 2562
a 665 733 846
a 733 665 846
a 665 735 841
a 735 665 841
a 665 736 1278
a 736 665 1278
a 666 734 2723
a 734 666 2723
a 666 737 737
a 737 666 737
a 667 737 2681
a 737 667 2681
a 667 738 792
a 738 667 792
a 668 738 2710
a 738 668 2710
a 668 739 842
a 739 668 842
a 669 670 2234
a 670 669 2234
a 669 739 2797
a 739 669 2797
a 669 740 848
a 740 669 848
a 670 741 1370
a 741 670 1370
a 671 672 2417
a 672 671 2417
a 671 742 632
a 742 671 632
a 671 743 866
a 743 671 866
a 672 744 813
a 744 672 813
a 673 674 2412
a 674 673 2412
a 673 744 203
a 744 673 203
a 673 745 729
a 745 673 729
a 674 675 2723
a 675 674 2723
a 674 746 779
a 746 674 779
a 675 747 784
a 747 675 784
a 675 748 2617
a 748 675 2617
a 676 748 908
a 748 676 908
a 677 678 737
a 678 677 737
a 677 749 2732
a 749 677 2732
a 678 679 795
a 679 678 795
a 678 750 2708
a 750 678 2708
a 679 751 2766
a 751 679 2766
a 679 752 986
a 752 679 986
a 680 752 2729
a 752 680 2729
a 680 753 769
a 753 680 769
a 681 753 2603
a 753 681 2603
a 681 754 861
a 754 681 861
a 682 754 1675
a 754 682 1675
a 682 755 882
a 755 682 882
a 683 684 1367
a 684 683 1367
a 683 755 1198
a 755 683 1198
a 683 756 805
a 756 683 805
a 684 685 228
a 685 684 228
a 685 757 842
a 757 685 842
a 686 758 828
a 758 686 828
a 686 759 421
a 759 686 421
a 687 758 2269
a 758 687 2269
a 687 760 818
a 760 687 818
a 688 760 2414
a 760 688 2414
a 688 761 1073
a 761 688 1073
a 689 762 472
a 762 689 472
a 689 763 443
a 763 689 443
a 690 763 654
a 763 690 654
a 690 764 586
a 764 690 586
a 691 692 540
a 692 691 540
a 691 765 1723
a 765 691 1723
a 692 693 755
a 693 692 755
a 692 766 1652
a 766 692 1652
a 693 767 1613
a 767 693 1613
a 693 768 930
a 768 693 930
a 694 695 531
a 695 694 531
a 695 696 414
a 696 695 414
a 695 768 1149
a 768 695 1149
a 696 769 583
a 769 696 583
a 697 769 2359
a 769 697 2359
a 697 770 829
a 770 697 829
a 698 771 4573
a 771 698 4573
a 698 772 595
a 772 698 595
a 699 748 2641
a 748 699 2641
a 699 773 807
a 773 699 807
a 700 701 2403
a 701 700 2403
a 700 773 2506
a 773 700 2506
a 700 774 902
a 774 700 902
a 701 775 828
a 775 701 828
a 702 776 1535
a 776 702 1535
a 702 777 902
a 777 702 902
a 702 778 2462
a 778 702 2462
a 703 775 756
a 775 703 756
a 703 776 1061
a 776 703 1061
a 704 778 846
a 778 704 846
a 704 779 2395
a 779 704 2395
a 705 779 890
a 779 705 890
a 705 780 2404
a 780 705 2404
a 706 780 741
a 780 706 741
a 706 781 209
a 781 706 209
a 707 708 2445
a 708 707 2445
a 707 781 180
a 781 707 180
a 708 712 704
a 712 708 704
a 708 782 423
a 782 708 423
a 709 783 1026
a 783 709 1026
a 709 784 716
a 784 709 716
a 709 785 270
a 785 709 270
a 710 786 1060
a 786 710 1060
a 710 787 751
a 787 710 751
a 710 788 1170
a 788 710 1170
a 711 789 856
a 789 711 856
a 712 790 584
a 790 712 584
a 713 790 1041
a 790 713 1041
a 713 791 1025
a 791 713 1025
a 714 788 882
a 788 714 882
a 714 792 991
a 792 714 991
a 715 792 749
a 792 715 749
a 715 793 71
a 793 715 71
a 716 718 938
a 718 716 938
a 716 794 59
a 794 716 59
a 718 719 105
a 719 718 105
a 720 721 139
a 721 720 139
a 720 795 846
a 795 720 846
a 723 796 202
a 796 723 202
a 724 726 774
a 726 724 774
a 724 797 1188
a 797 724 1188
a 726 798 1244
a 798 726 1244
a 727 799 1025
a 799 727 1025
a 728 800 880
a 800 728 880
a 728 801 365
a 801 728 365
a 730 802 579
a 802 730 579
a 731 803 6751
a 803 731 6751
a 732 804 82
a 804 732 82
a 733 749 858
a 749 733 858
a 733 805 1529
a 805 733 1529
a 734 806 2642
a 806 734 2642
a 734 807 717
a 807 734 717
a 735 806 787
a 806 735 787
a 735 808 1390
a 808 735 1390
a 737 807 2738
a 807 737 2738
a 737 809 807
a 809 737 807
a 738 809 2702
a 809 738 2702
a 738 810 921
a 810 738 921
a 739 810 2666
a 810 739 2666
a 739 811 920
a 811 739 920
a 740 741 1160
a 741 740 1160
a 740 811 2810
a 811 740 2810
a 740 812 846
a 812 740 846
a 741 742 1164
a 742 741 1164
a 741 813 1239
a 813 741 1239
a 742 814 1304
a 814 742 1304
a 743 744 2575
a 744 743 2575
a 743 814 1659
a 814 743 1659
a 743 815 715
a 815 743 715
a 744 745 784
a 745 744 784
a 745 746 2386
a 746 745 2386
a 745 815 2867
a 815 745 2867
a 745 816 862
a 816 745 862
a 745 817 857
a 817 745 857
a 746 747 2741
a 747 746 2741
a 746 818 789
a 818 746 789
a 747 819 845
a 819 747 845
a 747 820 2554
a 820 747 2554
a 748 820 699
a 820 748 699
a 749 750 789
a 750 749 789
a 749 821 664
a 821 749 664
a 750 751 769
a 751 750 769
a 750 822 667
a 822 750 667
a 751 823 330
a 823 751 330
a 751 824 258
a 824 751 258
a 752 825 1652
a 825 752 1652
a 752 826 694
a 826 752 694
a 753 826 2702
a 826 753 2702
a 753 827 828
a 827 753 828
a 754 827 2645
a 827 754 2645
a 754 828 737
a 828 754 737
a 755 828 1393
a 828 755 1393
a 755 829 857
a 829 755 857
a 756 757 689
a 757 756 689
a 756 829 1473
a 829 756 1473
a 756 830 806
a 830 756 806
a 757 831 19
a 831 757 19
a 758 832 2634
a 832 758 2634
a 758 833 765
a 833 758 765
a 759 834 349
a 834 759 349
a 759 835 1005
a 835 759 1005
a 760 833 2292
a 833 760 2292
a 760 836 1074
a 836 760 1074
a 761 837 220
a 837 761 220
a 761 838 597
a 838 761 597
a 762 838 1242
a 838 762 1242
a 762 839 1632
a 839 762 1632
a 763 764 404
a 764 763 404
a 764 765 898
a 765 764 898
a 764 840 2403
a 840 764 2403
a 765 766 512
a 766 765 512
a 765 841 2388
a 841 765 2388
a 766 767 788
a 767 766 788
a 766 842 2370
a 842 766 2370
a 767 843 2355
a 843 767 2355
a 767 844 894
a 844 767 894
a 768 844 1616
a 844 768 1616
a 768 845 786
a 845 768 786
a 769 845 484
a 845 769 484
a 769 846 844
a 846 769 844
a 770 846 2321
a 846 770 2321
a 770 847 739
a 847 770 739
a 771 848 6818
a 848 771 6818
a 771 849 2493
a 849 771 2493
a 772 850 2365
a 850 772 2365
a 773 820 2624
a 820 773 2624
a 773 851 828
a 851 773 828
a 774 775 2395
a 775 774 2395
a 774 851 2513
a 851 774 2513
a 774 852 980
a 852 774 980
a 775 853 1026
a 853 775 1026
a 776 853 1167
a 853 776 1167
a 776 854 931
a 854 776 931
a 777 854 1217
a 854 777 1217
a 777 855 694
a 855 777 694
a 777 856 2518
a 856 777 2518
a 778 856 1005
a 856 778 1005
a 778 857 310
a 857 778 310
a 779 858 1019
a 858 779 1019
a 779 859 2392
a 859 779 2392
a 780 859 851
a 859 780 851
a 780 860 302
a 860 780 302
a 781 860 744
a 860 781 744
a 781 861 2259
a 861 781 2259
a 782 790 737
a 790 782 737
a 782 861 554
a 861 782 554
a 783 789 352
a 789 783 352
a 783 862 966
a 862 783 966
a 783 863 1703
a 863 783 1703
a 784 864 912
a 864 784 912
a 784 865 699
a 865 784 699
a 785 791 468
a 791 785 468
a 786 789 110
a 789 786 110
a 786 866 968
a 866 786 968
a 786 867 793
a 867 786 793
a 787 867 1138
a 867 787 1138
a 787 868 1330
a 868 787 1330
a 787 869 110
a 869 787 110
a 788 868 886
a 868 788 886
a 789 870 2062
a 870 789 2062
a 790 871 398
a 871 790 398
a 791 872 375
a 872 791 375
a 792 868 821
a 868 792 821
a 792 873 82
a 873 792 82
a 796 797 405
a 797 796 405
a 796 874 839
a 874 796 839
a 797 875 439
a 875 797 439
a 798 801 448
a 801 798 448
a 798 875 495
a 875 798 495
a 801 874 151
a 874 801 151
a 803 876 1595
a 876 803 1595
a 804 877 643
a 877 804 643
a 805 878 991
a 878 805 991
a 806 879 743
