c In this file, the DIMACS format is extended by allowing arcs of infinite weight.
c These are specified by "a U V inf", where U and V are vertex IDs.
p sp 2000 6290
a 1 2 743
a 2 1 743
a 1 3 710
a 3 1 710
a 1 4 2502
a 4 1 2502
a 2 5 720
a 5 2 720
a 2 6 351
a 6 2 351
a 2 7 2411
a 7 2 2411
a 3 8 875
a 8 3 875
a 3 9 2858
a 9 3 2858
a 4 9 898
a 9 4 898
a 4 10 594
a 10 4 594
a 4 11 517
a 11 4 517
a 5 10 2259
a 10 5 2259
a 5 12 986
a 12 5 986
a 5 13 1597
a 13 5 1597
a 6 14 585
a 14 6 585
a 6 15 2485
a 15 6 2485
a 7 15 562
a 15 7 562
a 7 16 382
a 16 7 382
a 7 17 374
a 17 7 374
a 8 17 349
a 17 8 349
a 8 18 3402
a 18 8 3402
a 10 19 513
a 19 10 513
a 11 20 571
a 20 11 571
a 11 21 598
a 21 11 598
a 12 22 851
a 22 12 851
a 14 23 702
a 23 14 702
a 15 24 808
a 24 15 808
a 15 25 306
a 25 15 306
a 16 26 1083
a 26 16 1083
a 17 27 391
a 27 17 391
a 17 28 3427
a 28 17 3427
a 19 29 15
a 29 19 15
a 19 30 107
a 30 19 107
a 20 31 359
a 31 20 359
a 20 32 789
a 32 20 789
a 21 33 700
a 33 21 700
a 21 34 181
a 34 21 181
a 22 35 2036
a 35 22 2036
a 22 36 3109
a 36 22 3109
a 23 37 332
a 37 23 332
a 24 38 806
a 38 24 806
a 24 39 511
a 39 24 511
a 26 40 116
a 40 26 116
a 27 41 191
a 41 27 191
a 29 30 110
a 30 29 110
a 29 42 761
a 42 29 761
a 29 43 422
a 43 29 422
a 30 44 1575
a 44 30 1575
a 31 45 221
a 45 31 221
a 32 34 598
a 34 32 598
a 32 46 1020
a 46 32 1020
a 33 47 312
a 47 33 312
a 33 48 791
a 48 33 791
a 34 49 595
a 49 34 595
a 35 50 954
a 50 35 954
a 35 51 426
a 51 35 426
a 36 52 371
a 52 36 371
a 37 53 982
a 53 37 982
a 38 54 953
a 54 38 953
a 41 55 957
a 55 41 957
a 42 56 1576
a 56 42 1576
a 44 56 760
a 56 44 760
a 45 57 1758
a 57 45 1758
a 46 58 271
a 58 46 271
a 48 49 715
a 49 48 715
a 48 59 400
a 59 48 400
a 49 60 477
a 60 49 477
a 50 61 403
a 61 50 403
a 51 57 1083
a 57 51 1083
a 52 62 1131
a 62 52 1131
a 52 63 502
a 63 52 502
a 53 64 276
a 64 53 276
a 53 65 213
a 65 53 213
a 54 64 325
a 64 54 325
a 55 66 196
a 66 55 196
a 56 67 1134
a 67 56 1134
a 58 68 3778
a 68 58 3778
a 58 69 490
a 69 58 490
a 58 70 594
a 70 58 594
a 59 71 1113
a 71 59 1113
a 59 72 450
a 72 59 450
a 60 70 283
a 70 60 283
a 64 73 439
a 73 64 439
a 64 74 431
a 74 64 431
a 66 75 856
a 75 66 856
a 68 76 277
a 76 68 277
a 69 77 3722
a 77 69 3722
a 70 78 43
a 78 70 43
a 72 79 1130
a 79 72 1130
a 73 74 86
a 74 73 86
a 73 80 738
a 80 73 738
a 74 81 690
a 81 74 690
a 75 82 693
a 82 75 693
a 76 83 310
a 83 76 310
a 77 84 382
a 84 77 382
a 78 85 1630
a 85 78 1630
a 78 86 464
a 86 78 464
a 80 87 931
a 87 80 931
a 80 88 136
a 88 80 136
a 80 89 377
a 89 80 377
a 81 89 306
a 89 81 306
a 82 90 226
a 90 82 226
a 84 91 308
a 91 84 308
a 86 92 461
a 92 86 461
a 87 93 579
a 93 87 579
a 87 94 722
a 94 87 722
a 87 95 628
a 95 87 628
a 88 94 1201
a 94 88 1201
a 89 95 771
a 95 89 771
a 89 96 837
a 96 89 837
a 90 97 845
a 97 90 845
a 92 98 351
a 98 92 351
a 92 99 4881
a 99 92 4881
a 93 100 193
a 100 93 193
a 93 101 766
a 101 93 766
a 93 102 772
a 102 93 772
a 94 101 533
a 101 94 533
a 95 102 589
a 102 95 589
a 99 103 548
a 103 99 548
a 100 104 831
a 104 100 831
a 100 105 3495
a 105 100 3495
a 101 104 275
a 104 101 275
a 102 106 3486
a 106 102 3486
a 103 107 5454
a 107 103 5454
a 104 108 2888
a 108 104 2888
a 105 109 1582
a 109 105 1582
a 105 110 925
a 110 105 925
a 105 111 903
a 111 105 903
a 106 111 324
a 111 106 324
a 106 112 887
a 112 106 887
a 107 113 1206
a 113 107 1206
a 107 114 1556
a 114 107 1556
a 108 110 803
a 110 108 803
a 108 115 102
a 115 108 102
a 109 116 1044
a 116 109 1044
a 109 117 1126
a 117 109 1126
a 110 116 1125
a 116 110 1125
a 111 117 2106
a 117 111 2106
a 112 118 1753
a 118 112 1753
a 112 119 1409
a 119 112 1409
a 113 120 3137
a 120 113 3137
a 113 121 495
a 121 113 495
a 114 122 657
a 122 114 657
a 114 123 617
a 123 114 617
a 117 118 1158
a 118 117 1158
a 118 124 984
a 124 118 984
a 118 125 935
a 125 118 935
a 119 125 1300
a 125 119 1300
a 119 126 950
a 126 119 950
a 119 127 285
a 127 119 285
a 121 128 2511
a 128 121 2511
a 122 129 2463
a 129 122 2463
a 122 130 2797
a 130 122 2797
a 122 131 843
a 131 122 843
a 124 132 1260
a 132 124 1260
a 124 133 602
a 133 124 602
a 125 134 942
a 134 125 942
a 126 134 1032
a 134 126 1032
a 126 135 1505
a 135 126 1505
a 127 136 1269
a 136 127 1269
a 127 137 974
a 137 127 974
a 127 138 524
a 138 127 524
a 128 139 547
a 139 128 547
a 128 140 703
a 140 128 703
a 128 141 2589
a 141 128 2589
a 129 142 952
a 142 129 952
a 129 143 1833
a 143 129 1833
a 130 144 2090
a 144 130 2090
a 130 145 690
a 145 130 690
a 132 146 209
a 146 132 209
a 132 147 512
a 147 132 512
a 133 148 863
a 148 133 863
a 134 148 801
a 148 134 801
a 134 149 1626
a 149 134 1626
a 135 149 833
a 149 135 833
a 135 150 2922
a 150 135 2922
a 135 151 1121
a 151 135 1121
a 137 150 2185
a 150 137 2185
a 138 152 184
a 152 138 184
a 139 153 761
a 153 139 761
a 139 154 867
a 154 139 867
a 139 155 438
a 155 139 438
a 140 156 456
a 156 140 456
a 140 157 764
a 157 140 764
a 141 158 1019
a 158 141 1019
a 141 159 116
a 159 141 116
a 142 160 1863
a 160 142 1863
a 143 144 6852
a 144 143 6852
a 143 160 727
a 160 143 727
a 144 161 1013
a 161 144 1013
a 145 162 1183
a 162 145 1183
a 145 163 838
a 163 145 838
a 146 164 53
a 164 146 53
a 146 165 509
a 165 146 509
a 147 148 749
a 148 147 749
a 147 165 205
a 165 147 205
a 147 166 1330
a 166 147 1330
a 148 167 1565
a 167 148 1565
a 149 167 705
a 167 149 705
a 149 168 1199
a 168 149 1199
a 150 169 1251
a 169 150 1251
a 150 170 1295
a 170 150 1295
a 152 169 3342
a 169 152 3342
a 152 171 413
a 171 152 413
a 153 172 392
a 172 153 392
a 153 173 897
a 173 153 897
a 154 174 615
a 174 154 615
a 155 156 353
a 156 155 353
a 156 173 769
a 173 156 769
a 156 175 660
a 175 156 660
a 157 158 1209
a 158 157 1209
a 157 176 200
a 176 157 200
a 157 177 616
a 177 157 616
a 158 178 1973
a 178 158 1973
a 159 179 1088
a 179 159 1088
a 159 180 1979
a 180 159 1979
a 160 181 1206
a 181 160 1206
a 161 182 932
a 182 161 932
a 161 183 309
a 183 161 309
a 164 184 561
a 184 164 561
a 165 185 42
a 185 165 42
a 165 186 1303
a 186 165 1303
a 166 167 761
a 167 166 761
a 166 186 528
a 186 166 528
a 166 187 962
a 187 166 962
a 167 188 1114
a 188 167 1114
a 169 189 239
a 189 169 239
a 169 190 631
a 190 169 631
a 171 189 2784
a 189 171 2784
a 171 191 1249
a 191 171 1249
a 171 192 3120
a 192 171 3120
a 172 193 2054
a 193 172 2054
a 172 194 503
a 194 172 503
a 172 195 1292
a 195 172 1292
a 173 196 1326
a 196 173 1326
a 174 197 636
a 197 174 636
a 174 198 518
a 198 174 518
a 175 176 193
a 176 175 193
a 176 199 697
a 199 176 697
a 177 199 340
a 199 177 340
a 177 200 1164
a 200 177 1164
a 178 201 463
a 201 178 463
a 178 202 110
a 202 178 110
a 179 203 619
a 203 179 619
a 179 204 2001
a 204 179 2001
a 180 205 111
a 205 180 111
a 180 206 485
a 206 180 485
a 181 203 1061
a 203 181 1061
a 181 207 1545
a 207 181 1545
a 182 208 9894
a 208 182 9894
a 184 185 214
a 185 184 214
a 184 209 690
a 209 184 690
a 186 210 86
a 210 186 86
a 189 211 1736
a 211 189 1736
a 192 211 806
a 211 192 806
a 192 212 1092
a 212 192 1092
a 192 213 599
a 213 192 599
a 193 214 2323
a 214 193 2323
a 194 214 223
a 214 194 223
a 194 215 967
a 215 194 967
a 196 199 276
a 199 196 276
a 196 216 892
a 216 196 892
a 199 216 871
a 216 199 871
a 200 216 229
a 216 200 229
a 200 217 245
a 217 200 245
a 201 205 544
a 205 201 544
a 201 218 755
a 218 201 755
a 202 217 1145
a 217 202 1145
a 202 219 756
a 219 202 756
a 203 220 555
a 220 203 555
a 203 221 2005
a 221 203 2005
a 204 206 649
a 206 204 649
a 204 221 504
a 221 204 504
a 204 222 756
a 222 204 756
a 205 223 732
a 223 205 732
a 206 224 709
a 224 206 709
a 208 225 364
a 225 208 364
a 208 226 1027
a 226 208 1027
a 209 227 530
a 227 209 530
a 210 228 106
a 228 210 106
a 210 229 819
a 229 210 819
a 211 230 375
a 230 211 375
a 211 231 1332
a 231 211 1332
a 213 232 1092
a 232 213 1092
a 213 233 464
a 233 213 464
a 215 234 2098
a 234 215 2098
a 217 235 274
a 235 217 274
a 217 236 1437
a 236 217 1437
a 218 219 568
a 219 218 568
a 218 237 716
a 237 218 716
a 218 238 388
a 238 218 388
a 219 239 750
a 239 219 750
a 220 221 2125
a 221 220 2125
a 220 225 1042
a 225 220 1042
a 221 240 715
a 240 221 715
a 222 224 625
a 224 222 625
a 222 240 510
a 240 222 510
a 222 241 445
a 241 222 445
a 223 224 608
a 224 223 608
a 223 238 168
a 238 223 168
a 225 242 1020
a 242 225 1020
a 226 242 405
a 242 226 405
a 226 243 882
a 243 226 882
a 227 228 752
a 228 227 752
a 227 244 266
a 244 227 266
a 229 245 2232
a 245 229 2232
a 230 246 160
a 246 230 160
a 232 247 381
a 247 232 381
a 233 248 1012
a 248 233 1012
a 233 249 394
a 249 233 394
a 234 235 353
a 235 234 353
a 234 250 5267
a 250 234 5267
a 234 251 661
a 251 234 661
a 235 252 700
a 252 235 700
a 236 239 857
a 239 236 857
a 236 253 2342
a 253 236 2342
a 237 254 1834
a 254 237 1834
a 237 255 712
a 255 237 712
a 237 256 1799
a 256 237 1799
a 238 257 169
a 257 238 169
a 239 255 156
a 255 239 156
a 240 258 497
a 258 240 497
a 241 256 306
a 256 241 306
a 241 259 578
a 259 241 578
a 242 260 923
a 260 242 923
a 243 260 413
a 260 243 413
a 243 261 5105
a 261 243 5105
a 244 245 3465
a 245 244 3465
a 246 262 90
a 262 246 90
a 249 263 1051
a 263 249 1051
a 249 264 99
a 264 249 99
a 249 265 159
a 265 249 159
a 253 266 360
a 266 253 360
a 253 267 948
a 267 253 948
a 254 268 421
a 268 254 421
a 254 269 770
a 269 254 770
a 255 269 1836
a 269 255 1836
a 256 270 1373
a 270 256 1373
a 260 271 3860
a 271 260 3860
a 262 272 141
a 272 262 141
a 265 273 306
a 273 265 306
a 266 274 1309
a 274 266 1309
a 266 275 1198
a 275 266 1198
a 267 269 549
a 269 267 549
a 267 276 789
a 276 267 789
a 268 276 180
a 276 268 180
a 268 277 1770
a 277 268 1770
a 270 277 854
a 277 270 854
a 270 278 1352
a 278 270 1352
a 271 279 1114
a 279 271 1114
a 271 280 342
a 280 271 342
a 273 281 38
a 281 273 38
a 274 282 475
a 282 274 475
a 274 283 457
a 283 274 457
a 274 284 589
a 284 274 589
a 276 282 519
a 282 276 519
a 277 278 1065
a 278 277 1065
a 277 285 928
a 285 277 928
a 278 280 279
a 280 278 279
a 279 285 1661
a 285 279 1661
a 279 286 688
a 286 279 688
a 280 287 1257
a 287 280 1257
a 281 288 555
a 288 281 555
a 282 285 1782
a 285 282 1782
a 283 284 456
a 284 283 456
a 283 289 648
a 289 283 648
a 284 290 772
a 290 284 772
a 286 291 11948
a 291 286 11948
a 288 292 579
a 292 288 579
a 288 293 96
a 293 288 96
a 289 294 1117
a 294 289 1117
a 289 295 960
a 295 289 960
a 290 295 811
a 295 290 811
a 290 296 936
a 296 290 936
a 291 297 2801
a 297 291 2801
a 292 298 888
a 298 292 888
a 293 299 87
a 299 293 87
a 294 295 1009
a 295 294 1009
a 294 300 6211
a 300 294 6211
a 295 301 1021
a 301 295 1021
a 296 302 3119
a 302 296 3119
a 297 303 332
a 303 297 332
a 297 304 473
a 304 297 473
a 299 305 586
a 305 299 586
a 300 306 8765
a 306 300 8765
a 301 307 589
a 307 301 589
a 302 308 272
a 308 302 272
a 302 309 1536
a 309 302 1536
a 303 310 3502
a 310 303 3502
a 303 311 456
a 311 303 456
a 304 311 110
a 311 304 110
a 304 312 1967
a 312 304 1967
a 306 313 4309
a 313 306 4309
a 307 308 2739
a 308 307 2739
a 308 314 1620
a 314 308 1620
a 309 314 369
a 314 309 369
a 309 315 1895
a 315 309 1895
a 310 316 1666
a 316 310 1666
a 310 317 1109
a 317 310 1109
a 311 318 1559
a 318 311 1559
a 311 319 669
a 319 311 669
a 313 320 2524
a 320 313 2524
a 313 321 15987
a 321 313 15987
a 313 322 196
a 322 313 196
a 314 323 1894
a 323 314 1894
a 315 317 3430
a 317 315 3430
a 315 323 368
a 323 315 368
a 316 317 1436
a 317 316 1436
a 316 324 684
a 324 316 684
a 316 325 1324
a 325 316 1324
a 318 326 2208
a 326 318 2208
a 318 327 437
a 327 318 437
a 318 328 702
a 328 318 702
a 319 328 1546
a 328 319 1546
a 319 329 775
a 329 319 775
a 319 330 2004
a 330 319 2004
a 320 331 8281
a 331 320 8281
a 321 332 702
a 332 321 702
a 324 325 1364
a 325 324 1364
a 324 333 392
a 333 324 392
a 325 334 337
a 334 325 337
a 326 335 702
a 335 326 702
a 326 336 751
a 336 326 751
a 328 336 2186
a 336 328 2186
a 328 337 728
a 337 328 728
a 329 337 1485
a 337 329 1485
a 329 338 750
a 338 329 750
a 329 339 2028
a 339 329 2028
a 332 340 970
a 340 332 970
a 334 341 517
a 341 334 517
a 334 342 1228
a 342 334 1228
a 334 343 3105
a 343 334 3105
a 336 344 775
a 344 336 775
a 337 345 1898
a 345 337 1898
a 337 346 792
a 346 337 792
a 338 346 1488
a 346 338 1488
a 338 347 671
a 347 338 671
a 338 348 2013
a 348 338 2013
a 340 349 899
a 349 340 899
a 340 350 1405
a 350 340 1405
a 341 351 902
a 351 341 902
a 343 352 1220
a 352 343 1220
a 343 353 556
a 353 343 556
a 343 354 1310
a 354 343 1310
a 344 345 355
a 345 344 355
a 344 355 544
a 355 344 544
a 345 356 841
a 356 345 841
a 346 356 1876
a 356 346 1876
a 346 357 745
a 357 346 745
a 347 357 1400
a 357 347 1400
a 347 358 866
a 358 347 866
a 347 359 2069
a 359 347 2069
a 349 360 634
a 360 349 634
a 349 361 1208
a 361 349 1208
a 350 362 2142
a 362 350 2142
a 350 363 639
a 363 350 639
a 352 364 466
a 364 352 466
a 353 365 763
a 365 353 763
a 353 366 2266
a 366 353 2266
a 353 367 680
a 367 353 680
a 355 364 750
a 364 355 750
a 355 368 1929
a 368 355 1929
a 356 364 910
a 364 356 910
a 356 369 624
a 369 356 624
a 357 366 1906
a 366 357 1906
a 357 370 817
a 370 357 817
a 358 370 1297
a 370 358 1297
a 358 371 896
a 371 358 896
a 358 372 2109
a 372 358 2109
a 360 361 826
a 361 360 826
a 360 363 687
a 363 360 687
a 360 373 1150
a 373 360 1150
a 361 373 1189
a 373 361 1189
a 361 374 2493
a 374 361 2493
a 362 375 1595
a 375 362 1595
a 363 376 367
a 376 363 367
a 365 367 231
a 367 365 231
a 365 377 2355
a 377 365 2355
a 366 369 197
a 369 366 197
a 366 378 727
a 378 366 727
a 367 378 2426
a 378 367 2426
a 367 379 833
a 379 367 833
a 370 378 1825
a 378 370 1825
a 370 380 767
a 380 370 767
a 371 380 1073
a 380 371 1073
a 371 381 927
a 381 371 927
a 371 382 2064
a 382 371 2064
a 373 376 1513
a 376 373 1513
a 373 383 2365
a 383 373 2365
a 374 384 4573
a 384 374 4573
a 374 385 6818
a 385 374 6818
a 375 386 6751
a 386 375 6751
a 377 387 954
a 387 377 954
a 377 388 731
a 388 377 731
a 378 389 867
a 389 378 867
a 379 389 2318
a 389 379 2318
a 379 390 710
a 390 379 710
a 380 389 1906
a 389 380 1906
a 380 391 745
a 391 380 745
a 381 391 857
a 391 381 857
a 381 392 731
a 392 381 731
a 381 393 1593
a 393 381 1593
a 382 394 680
a 394 382 680
a 383 384 595
a 384 383 595
a 384 395 11474
a 395 384 11474
a 385 396 822
a 396 385 822
a 386 397 848
a 397 386 848
a 387 390 670
a 390 387 670
a 387 398 758
a 398 387 758
a 387 399 2439
a 399 387 2439
a 388 398 1074
a 398 388 1074
a 388 400 741
a 400 388 741
a 389 401 758
a 401 389 758
a 390 401 2201
a 401 390 2201
a 391 401 1980
a 401 391 1980
a 392 399 2486
a 399 392 2486
a 392 402 841
a 402 392 841
a 392 403 2516
a 403 392 2516
a 393 403 619
a 403 393 619
a 395 404 1327
a 404 395 1327
a 395 405 807
a 405 395 807
a 396 406 2912
a 406 396 2912
a 397 407 471
a 407 397 471
a 398 408 767
a 408 398 767
a 398 409 2064
a 409 398 2064
a 399 401 684
a 401 399 684
a 399 409 1022
a 409 399 1022
a 400 408 1236
a 408 400 1236
a 400 410 1085
a 410 400 1085
a 402 409 2906
a 409 402 2906
a 402 411 750
a 411 402 750
a 402 412 2272
a 412 402 2272
a 404 413 2601
a 413 404 2601
a 404 414 866
a 414 404 866
a 405 414 1373
a 414 405 1373
a 406 415 9770
a 415 406 9770
a 407 416 824
a 416 407 824
a 408 417 1002
a 417 408 1002
a 408 418 2039
a 418 408 2039
a 409 418 760
a 418 409 760
a 410 417 1466
a 417 410 1466
a 410 419 750
a 419 410 750
a 411 418 2922
a 418 411 2922
a 411 420 759
a 420 411 759
a 411 421 2301
a 421 411 2301
a 412 421 816
a 421 412 816
a 413 422 622
a 422 413 622
a 413 423 830
a 423 413 830
a 413 424 828
a 424 413 828
a 414 424 2499
a 424 414 2499
a 414 425 792
a 425 414 792
a 415 426 5911
a 426 415 5911
a 416 427 10456
a 427 416 10456
a 416 428 10081
a 428 416 10081
a 417 429 759
a 429 417 759
a 417 430 2266
a 430 417 2266
a 418 430 709
a 430 418 709
a 419 429 1449
a 429 419 1449
a 419 431 695
a 431 419 695
a 420 430 2807
a 430 420 2807
a 420 432 686
a 432 420 686
a 420 433 2318
a 433 420 2318
a 421 433 751
a 433 421 751
a 422 434 1732
a 434 422 1732
a 422 435 1393
a 435 422 1393
a 423 435 1738
a 435 423 1738
a 423 436 787
a 436 423 787
a 424 437 2369
a 437 424 2369
a 424 438 781
a 438 424 781
a 425 438 2514
a 438 425 2514
a 425 439 865
a 439 425 865
a 426 440 682
a 440 426 682
a 427 428 457
a 428 427 457
a 427 441 3133
a 441 427 3133
a 428 442 1113
a 442 428 1113
a 429 443 624
a 443 429 624
a 429 444 2282
a 444 429 2282
a 430 444 751
a 444 430 751
a 431 443 1559
a 443 431 1559
a 431 445 845
a 445 431 845
a 432 444 2777
a 444 432 2777
a 432 446 805
a 446 432 805
a 432 447 2331
a 447 432 2331
a 433 447 759
a 447 433 759
a 434 437 816
a 437 434 816
a 434 448 1147
a 448 434 1147
a 434 449 337
a 449 434 337
a 435 450 732
a 450 435 732
a 435 451 633
a 451 435 633
a 436 452 2245
a 452 436 2245
a 436 453 716
a 453 436 716
a 437 454 2293
a 454 437 2293
a 437 455 776
a 455 437 776
a 438 455 2317
a 455 438 2317
a 438 456 884
a 456 438 884
a 439 456 2628
a 456 439 2628
a 439 457 849
a 457 439 849
a 440 458 796
a 458 440 796
a 441 459 927
a 459 441 927
a 441 460 233
a 460 441 233
a 442 459 2454
a 459 442 2454
a 443 461 833
a 461 443 833
a 443 462 2217
a 462 443 2217
a 444 462 751
a 462 444 751
a 445 461 1699
a 461 445 1699
a 445 463 690
a 463 445 690
a 446 462 2676
a 462 446 2676
a 446 464 734
a 464 446 734
a 446 465 2439
a 465 446 2439
a 447 465 767
a 465 447 767
a 448 466 884
a 466 448 884
a 448 467 1085
a 467 448 1085
a 449 451 531
a 451 449 531
a 449 468 1739
a 468 449 1739
a 450 451 531
a 451 450 531
a 450 452 414
a 452 450 414
a 450 469 1149
a 469 450 1149
a 452 470 583
a 470 452 583
a 453 470 2359
a 470 453 2359
a 453 471 829
a 471 453 829
a 454 467 851
a 467 454 851
a 454 472 2365
a 472 454 2365
a 454 473 816
a 473 454 816
a 455 473 2303
a 473 455 2303
a 455 474 918
a 474 455 918
a 456 474 2250
a 474 456 2250
a 456 475 879
a 475 456 879
a 457 475 2354
a 475 457 2354
a 457 476 527
a 476 457 527
a 458 477 11268
a 477 458 11268
a 459 478 851
a 478 459 851
a 459 479 722
a 479 459 722
a 459 480 1805
a 480 459 1805
a 460 481 1078
a 481 460 1078
a 461 482 671
a 482 461 671
a 461 483 2300
a 483 461 2300
a 462 483 801
a 483 462 801
a 463 482 1797
a 482 463 1797
a 463 484 741
a 484 463 741
a 464 483 2548
a 483 464 2548
a 464 485 760
a 485 464 760
a 464 486 2439
a 486 464 2439
a 465 486 734
a 486 465 734
a 466 468 755
a 468 466 755
a 466 487 540
a 487 466 540
a 466 488 1652
a 488 466 1652
a 467 487 147
a 487 467 147
a 467 489 1376
a 489 467 1376
a 468 469 930
a 469 468 930
a 468 490 1613
a 490 468 1613
a 469 491 1616
a 491 469 1616
a 469 492 786
a 492 469 786
a 470 492 484
a 492 470 484
a 470 493 844
a 493 470 844
a 471 493 2321
a 493 471 2321
a 471 494 739
a 494 471 739
a 472 495 2293
a 495 472 2293
a 472 496 762
a 496 472 762
a 472 497 1034
a 497 472 1034
a 473 496 2344
a 496 473 2344
a 473 498 870
a 498 473 870
a 474 498 2358
a 498 474 2358
a 474 499 816
a 499 474 816
a 475 499 2344
a 499 475 2344
a 475 500 505
a 500 475 505
a 476 500 2496
a 500 476 2496
a 477 501 2029
a 501 477 2029
a 477 502 2003
a 502 477 2003
a 478 503 1224
a 503 478 1224
a 478 504 852
a 504 478 852
a 478 505 1612
a 505 478 1612
a 479 503 992
a 503 479 992
a 481 503 281
a 503 481 281
a 481 506 3391
a 506 481 3391
a 481 507 442
a 507 481 442
a 482 508 824
a 508 482 824
a 482 509 2339
a 509 482 2339
a 483 509 751
a 509 483 751
a 484 508 1964
a 508 484 1964
a 484 510 942
a 510 484 942
a 485 509 2531
a 509 485 2531
a 485 511 766
a 511 485 766
a 485 512 2426
a 512 485 2426
a 486 512 686
a 512 486 686
a 487 513 1723
a 513 487 1723
a 488 490 788
a 490 488 788
a 488 513 512
a 513 488 512
a 488 514 2370
a 514 488 2370
a 489 515 654
a 515 489 654
a 489 516 586
a 516 489 586
a 490 491 894
a 491 490 894
a 490 517 2355
a 517 490 2355
a 491 518 2380
a 518 491 2380
a 491 519 804
a 519 491 804
a 492 493 749
a 493 492 749
a 492 519 1615
a 519 492 1615
a 493 520 1631
a 520 493 1631
a 493 521 662
a 521 493 662
a 494 521 2407
a 521 494 2407
a 494 522 840
a 522 494 840
a 495 523 2414
a 523 495 2414
a 495 524 764
a 524 495 764
a 495 525 1073
a 525 495 1073
a 496 524 2318
a 524 496 2318
a 496 526 844
a 526 496 844
a 497 515 443
a 515 497 443
a 497 527 472
a 527 497 472
a 498 526 2345
a 526 498 2345
a 498 528 764
a 528 498 764
a 499 528 2363
a 528 499 2363
a 499 529 508
a 529 499 508
a 500 529 2370
a 529 500 2370
a 500 530 781
a 530 500 781
a 501 531 1089
a 531 501 1089
a 501 532 1245
a 532 501 1245
a 501 533 17
a 533 501 17
a 501 534 792
a 534 501 792
a 502 533 423
a 533 502 423
a 502 535 1862
a 535 502 1862
a 502 536 585
a 536 502 585
a 503 537 959
a 537 503 959
a 504 537 1721
a 537 504 1721
a 504 538 711
a 538 504 711
a 504 539 1366
a 539 504 1366
a 506 540 885
a 540 506 885
a 507 541 566
a 541 507 566
a 507 542 277
a 542 507 277
a 507 543 977
a 543 507 977
a 508 544 834
a 544 508 834
a 508 545 2325
a 545 508 2325
a 509 545 750
a 545 509 750
a 510 544 2164
a 544 510 2164
a 510 546 670
a 546 510 670
a 511 545 2538
a 545 511 2538
a 511 547 751
a 547 511 751
a 511 548 2448
a 548 511 2448
a 512 548 817
a 548 512 817
a 513 516 898
a 516 513 898
a 513 549 2388
a 549 513 2388
a 514 517 750
a 517 514 750
a 514 549 511
a 549 514 511
a 514 550 2517
a 550 514 2517
a 515 516 404
a 516 515 404
a 516 551 2403
a 551 516 2403
a 517 518 1060
a 518 517 1060
a 517 552 2502
a 552 517 2502
a 518 553 2563
a 553 518 2563
a 518 554 822
a 554 518 822
a 519 520 769
a 520 519 769
a 519 554 2380
a 554 519 2380
a 520 555 2380
a 555 520 2380
a 520 556 914
a 556 520 914
a 521 557 545
a 557 521 545
a 522 558 2321
a 558 522 2321
a 522 559 788
a 559 522 788
a 523 560 2292
a 560 523 2292
a 523 561 818
a 561 523 818
a 523 562 1074
a 562 523 1074
a 524 561 2436
a 561 524 2436
a 524 563 873
a 563 524 873
a 525 564 220
a 564 525 220
a 525 565 597
a 565 525 597
a 526 563 2342
a 563 526 2342
a 526 566 816
a 566 526 816
a 527 565 1242
a 565 527 1242
a 527 567 1632
a 567 527 1632
a 528 566 2341
a 566 528 2341
a 528 568 519
a 568 528 519
a 529 568 2349
a 568 529 2349
a 529 569 840
a 569 529 840
a 530 569 2302
a 569 530 2302
a 530 570 765
a 570 530 765
a 531 571 1273
a 571 531 1273
a 531 572 948
a 572 531 948
a 532 573 1027
a 573 532 1027
a 532 574 816
a 574 532 816
a 534 575 3384
a 575 534 3384
a 535 576 8508
a 576 535 8508
a 536 577 355
a 577 536 355
a 537 578 876
a 578 537 876
a 538 578 2092
a 578 538 2092
a 538 579 258
a 579 538 258
a 538 580 1095
a 580 538 1095
a 540 581 2344
a 581 540 2344
a 540 582 862
a 582 540 862
a 541 542 498
a 542 541 498
a 541 583 1255
a 583 541 1255
a 541 584 2072
a 584 541 2072
a 542 585 2082
a 585 542 2082
a 542 586 717
a 586 542 717
a 543 587 823
a 587 543 823
a 544 588 750
a 588 544 750
a 544 589 2272
a 589 544 2272
a 545 589 759
a 589 545 759
a 546 588 2201
a 588 546 2201
a 546 590 756
a 590 546 756
a 547 589 2556
a 589 547 2556
a 547 591 876
a 591 547 876
a 547 592 2233
a 592 547 2233
a 548 592 881
a 592 548 881
a 549 551 860
a 551 549 860
a 549 593 2410
a 593 549 2410
a 550 552 712
a 552 550 712
a 550 593 691
a 593 550 691
a 550 594 2769
a 594 550 2769
a 551 567 898
a 567 551 898
a 551 595 2502
a 595 551 2502
a 552 553 1010
a 553 552 1010
a 552 596 2773
a 596 552 2773
a 553 597 2744
a 597 553 2744
a 553 598 844
a 598 553 844
a 554 555 751
a 555 554 751
a 554 598 2598
a 598 554 2598
a 555 599 1535
a 599 555 1535
a 555 600 825
a 600 555 825
a 556 557 940
a 557 556 940
a 556 600 2403
a 600 556 2403
a 556 601 771
a 601 556 771
a 557 558 366
a 558 557 366
a 558 602 507
a 602 558 507
a 559 603 2255
a 603 559 2255
a 559 604 840
a 604 559 840
a 560 605 2557
a 605 560 2557
a 560 606 765
a 606 560 765
a 560 607 1074
a 607 560 1074
a 561 606 2269
a 606 561 2269
a 561 608 856
a 608 561 856
a 562 609 871
a 609 562 871
a 562 610 733
a 610 562 733
a 562 611 1361
a 611 562 1361
a 563 608 2398
a 608 563 2398
a 563 612 776
a 612 563 776
a 564 611 808
a 611 564 808
a 564 613 528
a 613 564 528
a 565 613 605
a 613 565 605
a 566 612 2332
a 612 566 2332
a 566 614 476
a 614 566 476
a 567 613 717
a 613 567 717
a 567 615 2551
a 615 567 2551
a 568 614 2396
a 614 568 2396
a 568 616 819
a 616 568 819
a 569 616 2403
a 616 569 2403
a 569 617 775
a 617 569 775
a 570 617 2262
a 617 570 2262
a 570 618 884
a 618 570 884
a 571 619 1919
a 619 571 1919
a 571 620 1001
a 620 571 1001
a 572 574 543
a 574 572 543
a 572 621 775
a 621 572 775
a 573 574 812
a 574 573 812
a 573 622 2057
a 622 573 2057
a 573 623 776
a 623 573 776
a 574 624 801
a 624 574 801
a 575 625 4247
a 625 575 4247
a 576 626 712
a 626 576 712
a 578 627 870
a 627 578 870
a 579 628 347
a 628 579 347
a 579 629 29
a 629 579 29
a 579 630 1120
a 630 579 1120
a 581 631 3228
a 631 581 3228
a 581 632 355
a 632 581 355
a 581 633 280
a 633 581 280
a 582 634 575
a 634 582 575
a 583 635 898
a 635 583 898
a 583 636 1594
a 636 583 1594
a 584 585 599
a 585 584 599
a 584 636 1025
a 636 584 1025
a 585 637 2580
a 637 585 2580
a 585 638 780
a 638 585 780
a 586 639 316
a 639 586 316
a 586 640 862
a 640 586 862
a 586 641 556
a 641 586 556
a 587 640 1074
a 640 587 1074
a 587 642 860
a 642 587 860
a 588 643 726
a 643 588 726
a 588 644 2300
a 644 588 2300
a 589 644 817
a 644 589 817
a 590 643 2456
a 643 590 2456
a 590 645 867
a 645 590 867
a 591 644 2439
a 644 591 2439
a 591 646 750
a 646 591 750
a 591 647 2555
a 647 591 2555
a 592 647 773
a 647 592 773
a 593 595 730
a 595 593 730
a 593 648 2909
a 648 593 2909
a 594 596 657
a 596 594 657
a 594 648 529
a 648 594 529
a 594 649 2386
a 649 594 2386
a 595 615 821
a 615 595 821
a 595 650 2847
a 650 595 2847
a 596 597 934
a 597 596 934
a 596 651 2418
a 651 596 2418
a 597 652 2372
a 652 597 2372
a 597 653 972
a 653 597 972
a 598 653 2751
a 653 598 2751
a 598 654 731
a 654 598 731
a 599 654 1047
a 654 599 1047
a 599 655 912
a 655 599 912
a 600 655 1397
a 655 600 1397
a 600 656 756
a 656 600 756
a 601 602 496
a 602 601 496
a 601 656 2422
a 656 601 2422
a 601 657 567
a 657 601 567
a 602 603 272
a 603 602 272
a 603 657 427
a 657 603 427
a 604 658 2195
a 658 604 2195
a 604 659 847
a 659 604 847
a 605 660 572
a 660 605 572
a 605 661 1047
a 661 605 1047
a 605 662 618
a 662 605 618
a 606 663 2634
a 663 606 2634
a 606 664 828
a 664 606 828
a 607 665 1009
a 665 607 1009
a 607 666 752
a 666 607 752
a 608 664 2247
a 664 608 2247
a 608 667 776
a 667 608 776
a 609 610 586
a 610 609 586
a 609 666 671
a 666 609 671
a 610 668 2835
a 668 610 2835
a 610 669 731
a 669 610 731
a 611 669 1833
a 669 611 1833
a 612 667 2399
a 667 612 2399
a 612 670 517
a 670 612 517
a 613 671 2558
a 671 613 2558
a 614 670 2200
a 670 614 2200
a 614 672 814
a 672 614 814
a 615 671 807
a 671 615 807
a 615 673 2752
a 673 615 2752
a 616 672 2320
a 672 616 2320
a 616 674 842
a 674 616 842
a 617 674 2436
a 674 617 2436
a 617 675 884
a 675 617 884
a 618 675 2262
a 675 618 2262
a 618 676 801
a 676 618 801
a 619 677 2460
a 677 619 2460
a 619 678 901
a 678 619 901
a 619 679 892
a 679 619 892
a 620 621 700
a 621 620 700
a 620 680 1178
a 680 620 1178
a 621 624 776
a 624 621 776
a 622 680 794
a 680 622 794
a 622 681 1980
a 681 622 1980
a 622 682 835
a 682 622 835
a 623 682 1813
a 682 623 1813
a 623 683 685
a 683 623 685
a 624 680 1165
a 680 624 1165
a 625 684 2297
a 684 625 2297
a 625 685 738
a 685 625 738
a 625 686 774
a 686 625 774
a 626 687 3634
a 687 626 3634
a 627 688 854
a 688 627 854
a 627 689 912
a 689 627 912
a 628 690 438
a 690 628 438
a 628 691 1120
a 691 628 1120
a 628 692 24
a 692 628 24
a 631 693 851
a 693 631 851
a 632 694 1487
a 694 632 1487
a 632 695 1668
a 695 632 1668
a 632 696 849
a 696 632 849
a 633 697 854
a 697 633 854
a 633 698 489
a 698 633 489
a 633 699 783
a 699 633 783
a 634 635 238
a 635 634 238
a 634 700 588
a 700 634 588
a 635 701 1400
a 701 635 1400
a 636 701 807
a 701 636 807
a 637 702 2271
a 702 637 2271
a 637 703 575
a 703 637 575
a 638 704 444
a 704 638 444
a 638 705 980
a 705 638 980
a 638 706 776
a 706 638 776
a 640 707 769
a 707 640 769
a 640 708 595
a 708 640 595
a 642 709 110
a 709 642 110
a 642 710 43
a 710 642 43
a 643 711 825
a 711 643 825
a 643 712 2293
a 712 643 2293
a 644 712 709
a 712 644 709
a 645 711 2300
a 711 645 2300
a 645 713 839
a 713 645 839
a 646 712 2339
a 712 646 2339
a 646 714 805
a 714 646 805
a 646 715 2426
a 715 646 2426
a 648 650 949
a 650 648 949
a 648 716 2408
a 716 648 2408
a 649 651 751
a 651 649 751
a 649 716 566
a 716 649 566
a 649 717 2509
a 717 649 2509
a 650 673 777
a 673 650 777
a 650 718 2331
a 718 650 2331
a 651 652 785
a 652 651 785
a 651 719 2491
a 719 651 2491
a 652 720 2518
a 720 652 2518
a 652 721 975
a 721 652 975
a 653 721 2391
a 721 653 2391
a 653 722 699
a 722 653 699
a 654 722 2790
a 722 654 2790
a 654 723 913
a 723 654 913
a 655 723 1138
a 723 655 1138
a 656 724 2514
a 724 656 2514
a 656 725 784
a 725 656 784
a 657 658 457
a 658 657 457
a 658 725 2239
a 725 658 2239
a 658 726 749
a 726 658 749
a 659 726 2277
a 726 659 2277
a 659 727 790
a 727 659 790
a 660 662 262
a 662 660 262
a 660 728 806
a 728 660 806
a 660 729 1550
a 729 660 1550
a 661 730 868
a 730 661 868
a 661 731 819
a 731 661 819
a 661 732 362
a 732 661 362
a 662 663 157
a 663 662 157
a 663 733 195
a 733 663 195
a 664 734 792
a 734 664 792
a 664 735 421
a 735 664 421
a 665 732 1187
a 732 665 1187
a 665 736 1007
a 736 665 1007
a 666 736 1419
a 736 666 1419
a 667 734 2283
a 734 667 2283
a 667 737 543
a 737 667 543
a 668 738 2407
a 738 668 2407
a 668 739 967
a 739 668 967
a 668 740 822
a 740 668 822
a 669 671 859
a 671 669 859
a 669 740 2827
a 740 669 2827
a 670 737 2448
a 737 670 2448
a 670 741 858
a 741 670 858
a 671 742 2847
a 742 671 2847
a 672 741 2287
a 741 672 2287
a 672 743 827
a 743 672 827
a 673 742 838
a 742 673 838
a 673 744 2422
a 744 673 2422
a 674 743 2281
a 743 674 2281
a 674 745 898
a 745 674 898
a 675 745 2447
a 745 675 2447
a 675 746 802
a 746 675 802
a 676 746 2289
a 746 676 2289
a 676 747 852
a 747 676 852
a 677 748 2392
a 748 677 2392
a 677 749 907
a 749 677 907
a 677 750 932
a 750 677 932
a 678 749 2394
a 749 678 2394
a 678 751 959
a 751 678 959
a 678 752 292
a 752 678 292
a 679 750 2449
a 750 679 2449
a 679 753 788
a 753 679 788
a 680 754 1714
a 754 680 1714
a 680 755 413
a 755 680 413
a 681 754 675
a 754 681 675
a 681 756 807
a 756 681 807
a 681 757 1455
a 757 681 1455
a 682 758 565
a 758 682 565
a 683 758 1549
a 758 683 1549
a 683 759 1477
a 759 683 1477
a 684 760 2653
a 760 684 2653
a 684 761 802
a 761 684 802
a 684 762 847
a 762 684 847
a 685 762 2445
a 762 685 2445
a 685 763 856
a 763 685 856
a 686 761 2392
a 761 686 2392
a 686 764 984
a 764 686 984
a 687 765 1870
a 765 687 1870
a 688 766 795
a 766 688 795
a 688 767 2086
a 767 688 2086
a 689 690 1261
a 690 689 1261
a 690 768 256
a 768 690 256
a 692 769 579
a 769 692 579
a 693 770 919
a 770 693 919
a 693 771 275
a 771 693 275
a 693 772 202
a 772 693 202
a 694 773 887
a 773 694 887
a 694 774 2658
a 774 694 2658
a 694 775 849
a 775 694 849
a 695 776 1669
a 776 695 1669
a 695 777 748
a 777 695 748
a 696 775 1393
a 775 696 1393
a 696 778 752
a 778 696 752
a 697 779 832
a 779 697 832
a 697 780 488
a 780 697 488
a 698 781 609
a 781 698 609
a 698 782 1384
a 782 698 1384
a 699 783 168
a 783 699 168
a 699 784 352
a 784 699 352
a 700 785 1271
a 785 700 1271
a 700 786 748
a 786 700 748
a 701 785 832
a 785 701 832
a 701 787 545
a 787 701 545
a 702 788 956
a 788 702 956
a 702 789 2447
a 789 702 2447
a 702 790 676
a 790 702 676
a 707 709 1351
a 709 707 1351
a 707 791 404
a 791 707 404
a 709 792 218
a 792 709 218
a 711 793 833
a 793 711 833
a 711 794 2318
a 794 711 2318
a 712 794 834
a 794 712 834
a 713 793 1971
a 793 713 1971
a 713 795 936
a 795 713 936
a 714 794 2201
a 794 714 2201
a 714 796 759
a 796 714 759
a 714 797 2539
a 797 714 2539
a 716 718 900
a 718 716 900
a 716 798 2441
a 798 716 2441
a 717 719 731
a 719 717 731
a 717 798 658
a 798 717 658
a 717 799 1153
a 799 717 1153
a 718 744 767
a 744 718 767
a 718 800 2387
a 800 718 2387
a 719 720 677
a 720 719 677
a 719 801 1721
a 801 719 1721
a 720 802 2163
a 802 720 2163
a 720 803 926
a 803 720 926
a 721 803 2558
a 803 721 2558
a 721 804 821
a 804 721 821
a 722 804 2309
a 804 722 2309
a 722 805 876
a 805 722 876
a 723 724 789
a 724 723 789
a 723 805 2794
a 805 723 2794
a 724 806 2736
a 806 724 2736
a 724 807 748
a 807 724 748
a 725 807 2517
a 807 725 2517
a 725 808 806
a 808 725 806
a 726 808 1777
a 808 726 1777
a 726 809 866
a 809 726 866
a 727 809 2387
a 809 727 2387
a 727 810 793
a 810 727 793
a 728 811 805
a 811 728 805
a 728 812 1473
a 812 728 1473
a 728 813 689
a 813 728 689
a 729 812 681
a 812 729 681
a 729 814 827
a 814 729 827
a 730 814 625
a 814 730 625
a 730 815 1019
a 815 730 1019
a 731 815 843
a 815 731 843
a 731 816 765
a 816 731 765
a 731 817 519
a 817 731 519
a 732 816 529
a 816 732 529
a 733 818 570
a 818 733 570
a 733 819 1286
a 819 733 1286
a 734 820 556
a 820 734 556
a 734 821 2480
a 821 734 2480
a 735 819 1005
a 819 735 1005
a 735 822 349
a 822 735 349
a 736 739 953
a 739 736 953
a 737 820 2269
a 820 737 2269
a 737 823 830
a 823 737 830
a 738 824 2445
a 824 738 2445
a 738 825 897
a 825 738 897
a 738 826 1026
a 826 738 1026
a 738 827 1130
a 827 738 1130
a 738 828 840
a 828 738 840
a 739 827 1724
a 827 739 1724
a 739 829 802
a 829 739 802
a 740 742 841
a 742 740 841
a 740 828 2405
a 828 740 2405
a 741 823 2424
a 823 741 2424
a 741 830 765
a 830 741 765
a 742 831 2388
a 831 742 2388
a 743 830 2331
a 830 743 2331
a 743 832 899
a 832 743 899
a 744 831 876
a 831 744 876
a 744 833 1878
a 833 744 1878
a 745 832 2281
a 832 745 2281
a 745 834 776
a 834 745 776
a 746 834 2371
a 834 746 2371
a 746 835 788
a 835 746 788
a 747 835 2306
a 835 747 2306
a 747 836 3922
a 836 747 3922
a 748 837 2382
a 837 748 2382
a 748 838 971
a 838 748 971
a 748 839 801
a 839 748 801
a 749 838 2373
a 838 749 2373
a 749 840 953
a 840 749 953
a 750 839 2406
a 839 750 2406
a 750 841 745
a 841 750 745
a 751 754 896
a 754 751 896
a 751 755 1331
a 755 751 1331
a 751 840 2459
a 840 751 2459
a 752 755 1334
a 755 752 1334
a 753 763 790
a 763 753 790
a 753 841 2317
a 841 753 2317
a 754 757 1607
a 757 754 1607
a 754 842 2492
a 842 754 2492
a 756 843 2430
a 843 756 2430
a 756 844 776
a 844 756 776
a 757 845 892
a 845 757 892
a 758 846 600
a 846 758 600
a 759 846 434
a 846 759 434
a 760 847 2218
a 847 760 2218
a 760 848 791
a 848 760 791
a 760 849 818
a 849 760 818
a 761 849 2614
a 849 761 2614
a 761 850 899
a 850 761 899
a 762 848 2386
a 848 762 2386
a 762 851 827
a 851 762 827
a 763 851 2394
a 851 763 2394
a 764 850 2345
a 850 764 2345
a 764 852 904
a 852 764 904
a 765 853 745
a 853 765 745
a 765 854 893
a 854 765 893
a 766 855 791
a 855 766 791
a 766 856 290
a 856 766 290
a 767 768 351
a 768 767 351
a 767 857 346
a 857 767 346
a 768 858 1025
a 858 768 1025
a 770 859 2193
a 859 770 2193
a 771 860 839
a 860 771 839
a 771 861 1823
a 861 771 1823
a 771 862 771
a 862 771 771
a 772 863 518
a 863 772 518
a 772 864 1167
a 864 772 1167
a 772 865 803
a 865 772 803
a 773 776 759
a 776 773 759
a 773 866 502
a 866 773 502
a 773 867 2639
a 867 773 2639
a 774 867 891
a 867 774 891
a 774 868 2384
a 868 774 2384
a 774 869 827
a 869 774 827
a 775 869 2642
a 869 775 2642
a 775 870 797
a 870 775 797
a 776 871 2643
a 871 776 2643
a 776 872 779
a 872 776 779
a 777 862 859
a 862 777 859
a 777 872 1694
a 872 777 1694
a 778 786 805
a 786 778 805
a 778 870 1348
a 870 778 1348
a 779 873 762
a 873 779 762
a 779 874 1198
a 874 779 1198
a 780 875 87
a 875 780 87
a 781 876 484
a 876 781 484
a 781 877 972
a 877 781 972
a 782 876 767
a 876 782 767
a 782 878 532
a 878 782 532
a 782 879 756
a 879 782 756
a 783 880 818
a 880 783 818
a 783 881 469
a 881 783 469
a 784 855 418
a 855 784 418
a 784 881 205
a 881 784 205
a 785 882 815
a 882 785 815
a 785 883 1692
a 883 785 1692
a 786 882 1300
a 882 786 1300
a 787 884 1932
a 884 787 1932
a 788 885 2365
a 885 788 2365
a 788 886 756
a 886 788 756
a 789 885 916
a 885 789 916
a 789 887 186
a 887 789 186
a 789 888 858
a 888 789 858
a 790 889 183
a 889 790 183
a 792 890 1023
a 890 792 1023
a 793 891 751
a 891 793 751
a 793 892 2300
a 892 793 2300
a 794 892 841
a 892 794 841
a 795 891 1668
a 891 795 1668
a 795 893 765
a 893 795 765
a 796 892 2165
a 892 796 2165
a 796 894 833
a 894 796 833
a 796 895 2593
a 895 796 2593
a 798 896 611
a 896 798 611
a 798 897 85
a 897 798 85
a 799 896 932
a 896 799 932
a 799 898 180
a 898 799 180
a 799 899 284
a 899 799 284
a 800 833 942
a 833 800 942
a 800 900 147
a 900 800 147
a 800 901 246
a 901 800 246
a 801 802 764
a 802 801 764
a 801 899 661
a 899 801 661
a 801 902 696
a 902 801 696
a 802 903 278
a 903 802 278
a 802 904 414
a 904 802 414
a 803 905 2374
a 905 803 2374
a 803 906 768
a 906 803 768
a 804 906 2601
a 906 804 2601
a 804 907 789
a 907 804 789
a 805 806 821
a 806 805 821
a 805 907 2351
a 907 805 2351
a 806 908 2389
a 908 806 2389
a 806 909 802
a 909 806 802
a 807 909 2713
a 909 807 2713
a 807 910 844
a 910 807 844
a 808 911 1470
a 911 808 1470
a 808 912 847
a 912 808 847
a 809 913 314
a 913 809 314
a 810 914 2281
a 914 810 2281
a 810 915 895
a 915 810 895
a 811 916 1198
a 916 811 1198
a 811 917 762
a 917 811 762
a 811 918 1367
a 918 811 1367
a 812 916 857
a 916 812 857
a 812 919 1189
a 919 812 1189
a 813 818 19
a 818 813 19
a 813 821 842
a 821 813 842
a 814 920 971
a 920 814 971
a 814 921 1216
a 921 814 1216
a 815 922 672
a 922 815 672
a 816 829 332
a 829 816 332
a 816 923 364
a 923 816 364
a 817 829 1028
a 829 817 1028
a 817 924 400
a 924 817 400
a 818 822 1859
a 822 818 1859
a 820 925 830
a 925 820 830
a 820 926 2563
a 926 820 2563
a 821 918 228
a 918 821 228
a 823 925 2269
a 925 823 2269
a 823 927 737
a 927 823 737
a 824 928 1193
a 928 824 1193
a 824 929 712
a 929 824 712
a 824 930 895
a 930 824 895
a 825 929 2472
a 929 825 2472
a 825 931 368
a 931 825 368
a 825 932 461
a 932 825 461
a 826 828 587
a 828 826 587
a 826 930 1854
a 930 826 1854
a 826 933 1007
a 933 826 1007
a 827 924 646
a 924 827 646
a 827 932 186
a 932 827 186
a 828 831 822
a 831 828 822
a 830 927 2400
a 927 830 2400
a 830 934 921
a 934 830 921
a 831 933 1252
a 933 831 1252
a 832 934 2304
a 934 832 2304
a 832 935 744
a 935 832 744
a 833 933 1052
a 933 833 1052
a 833 936 623
a 936 833 623
a 834 935 2427
a 935 834 2427
a 834 937 767
a 937 834 767
a 835 937 2452
a 937 835 2452
a 836 938 972
a 938 836 972
a 836 939 2164
a 939 836 2164
a 837 940 1370
a 940 837 1370
a 837 941 796
a 941 837 796
a 837 942 921
a 942 837 921
a 838 942 2411
a 942 838 2411
a 838 943 949
a 943 838 949
a 839 941 2291
a 941 839 2291
a 839 944 822
a 944 839 822
a 840 842 821
a 842 840 821
a 840 943 2346
a 943 840 2346
a 841 851 778
a 851 841 778
a 841 944 2412
a 944 841 2412
a 842 845 792
a 845 842 792
a 842 945 765
a 945 842 765
a 843 845 1037
a 845 843 1037
a 843 946 456
a 946 843 456
a 843 947 1346
a 947 843 1346
a 844 946 2529
a 946 844 2529
a 844 948 932
a 948 844 932
a 845 949 998
a 949 845 998
a 847 950 2438
a 950 847 2438
a 847 951 842
a 951 847 842
a 847 952 866
a 952 847 866
a 848 951 2433
a 951 848 2433
a 848 953 866
a 953 848 866
a 849 952 2275
a 952 849 2275
a 849 954 984
a 954 849 984
a 850 954 2660
a 954 850 2660
a 850 955 878
a 955 850 878
a 851 953 2513
a 953 851 2513
a 852 956 789
a 956 852 789
a 852 957 2435
a 957 852 2435
a 853 958 451
a 958 853 451
a 854 959 686
a 959 854 686
a 855 960 204
a 960 855 204
a 856 960 774
a 960 856 774
a 856 961 1244
a 961 856 1244
a 857 962 880
a 962 857 880
a 857 963 365
a 963 857 365
a 859 964 297
a 964 859 297
a 859 965 316
a 965 859 316
a 859 966 184
a 966 859 184
a 860 967 1096
a 967 860 1096
a 860 968 552
a 968 860 552
a 861 969 2545
a 969 861 2545
a 861 970 786
a 970 861 786
a 861 971 674
a 971 861 674
a 862 971 1746
a 971 862 1746
a 863 972 516
a 972 863 516
a 863 973 1178
a 973 863 1178
a 864 973 274
a 973 864 274
a 864 974 657
a 974 864 657
a 864 975 59
a 975 864 59
a 865 873 863
a 873 865 863
a 865 974 1141
a 974 865 1141
a 867 871 776
a 871 867 776
a 867 976 1463
a 976 867 1463
a 868 977 2380
a 977 868 2380
a 868 978 965
a 978 868 965
a 868 979 809
a 979 868 809
a 869 979 2386
a 979 869 2386
a 869 980 792
a 980 869 792
a 870 882 759
a 882 870 759
a 870 980 2607
a 980 870 2607
a 871 981 795
a 981 871 795
a 871 982 1254
a 982 871 1254
a 872 971 831
a 971 872 831
a 872 981 2663
a 981 872 2663
a 873 983 1135
a 983 873 1135
a 874 984 591
a 984 874 591
a 874 985 775
a 985 874 775
a 875 876 1252
a 876 875 1252
a 875 986 804
