c In this file, the DIMACS format is extended by allowing arcs of infinite weight.
c These are specified by "a U V inf", where U and V are vertex IDs.
p sp 3906 9114
a 1 2 1532
a 2 1 1532
a 2 3 582
a 3 2 582
a 2 4 1229
a 4 2 1229
a 3 5 547
a 5 3 547
a 3 6 2648
a 6 3 2648
a 4 7 1224
a 7 4 1224
a 4 8 1694
a 8 4 1694
a 5 9 3843
a 9 5 3843
a 5 10 3117
a 10 5 3117
a 7 11 805
a 11 7 805
a 7 12 713
a 12 7 713
a 8 13 1361
a 13 8 1361
a 8 14 1817
a 14 8 1817
a 9 15 923
a 15 9 923
a 10 16 929
a 16 10 929
a 10 17 992
a 17 10 992
a 11 18 983
a 18 11 983
a 11 19 903
a 19 11 903
a 12 20 1800
a 20 12 1800
a 13 21 1557
a 21 13 1557
a 14 22 671
a 22 14 671
a 14 23 336
a 23 14 336
a 15 24 84
a 24 15 84
a 15 25 7506
a 25 15 7506
a 16 26 1051
a 26 16 1051
a 16 27 445
a 27 16 445
a 19 23 452
a 23 19 452
a 19 28 2358
a 28 19 2358
a 20 29 303
a 29 20 303
a 22 30 1777
a 30 22 1777
a 22 31 1425
a 31 22 1425
a 23 32 1140
a 32 23 1140
a 24 33 1558
a 33 24 1558
a 24 34 1299
a 34 24 1299
a 28 32 3223
a 32 28 3223
a 28 35 475
a 35 28 475
a 29 36 276
a 36 29 276
a 30 37 3071
a 37 30 3071
a 32 38 473
a 38 32 473
a 33 39 4642
a 39 33 4642
a 33 40 5572
a 40 33 5572
a 34 41 161
a 41 34 161
a 34 42 1425
a 42 34 1425
a 35 43 1494
a 43 35 1494
a 36 44 1495
a 44 36 1495
a 38 45 835
a 45 38 835
a 38 46 3547
a 46 38 3547
a 39 40 2700
a 40 39 2700
a 39 47 1006
a 47 39 1006
a 39 48 2590
a 48 39 2590
a 40 49 1321
a 49 40 1321
a 41 50 434
a 50 41 434
a 41 51 333
a 51 41 333
a 44 52 870
a 52 44 870
a 44 53 1994
a 53 44 1994
a 45 54 688
a 54 45 688
a 45 55 1943
a 55 45 1943
a 46 56 611
a 56 46 611
a 46 57 1827
a 57 46 1827
a 49 58 6649
a 58 49 6649
a 49 59 1449
a 59 49 1449
a 50 60 3527
a 60 50 3527
a 50 61 868
a 61 50 868
a 51 62 389
a 62 51 389
a 52 63 1721
a 63 52 1721
a 52 64 2532
a 64 52 2532
a 54 65 2131
a 65 54 2131
a 54 66 1419
a 66 54 1419
a 55 67 671
a 67 55 671
a 56 68 2687
a 68 56 2687
a 56 69 808
a 69 56 808
a 57 70 707
a 70 57 707
a 57 71 4036
a 71 57 4036
a 58 72 536
a 72 58 536
a 58 73 672
a 73 58 672
a 59 74 1055
a 74 59 1055
a 59 75 238
a 75 59 238
a 60 76 1592
a 76 60 1592
a 60 77 787
a 77 60 787
a 60 78 787
a 78 60 787
a 61 79 688
a 79 61 688
a 61 80 201
a 80 61 201
a 62 81 1043
a 81 62 1043
a 63 82 970
a 82 63 970
a 64 83 288
a 83 64 288
a 65 84 278
a 84 65 278
a 66 85 536
a 85 66 536
a 68 86 2226
a 86 68 2226
a 68 87 1166
a 87 68 1166
a 68 88 1360
a 88 68 1360
a 69 89 1526
a 89 69 1526
a 69 90 1454
a 90 69 1454
a 70 91 5024
a 91 70 5024
a 71 92 4860
a 92 71 4860
a 71 93 2037
a 93 71 2037
a 72 94 2043
a 94 72 2043
a 72 95 2026
a 95 72 2026
a 73 96 1004
a 96 73 1004
a 73 97 1430
a 97 73 1430
a 74 98 4134
a 98 74 4134
a 75 99 981
a 99 75 981
a 75 100 1932
a 100 75 1932
a 78 79 2823
a 79 78 2823
a 78 101 787
a 101 78 787
a 79 102 2638
a 102 79 2638
a 80 103 1027
a 103 80 1027
a 80 104 1024
a 104 80 1024
a 81 83 178
a 83 81 178
a 81 105 614
a 105 81 614
a 82 106 1063
a 106 82 1063
a 84 107 336
a 107 84 336
a 84 108 1480
a 108 84 1480
a 85 108 2365
a 108 85 2365
a 85 109 604
a 109 85 604
a 86 110 1272
a 110 86 1272
a 87 111 4643
a 111 87 4643
a 87 112 1100
a 112 87 1100
a 88 113 1409
a 113 88 1409
a 88 114 275
a 114 88 275
a 89 115 1174
a 115 89 1174
a 89 116 749
a 116 89 749
a 91 117 3011
a 117 91 3011
a 91 118 333
a 118 91 333
a 92 119 2170
a 119 92 2170
a 92 120 1124
a 120 92 1124
a 94 121 1031
a 121 94 1031
a 94 122 983
a 122 94 983
a 95 123 1878
a 123 95 1878
a 95 124 3571
a 124 95 3571
a 95 125 6705
a 125 95 6705
a 96 126 604
a 126 96 604
a 96 127 1722
a 127 96 1722
a 98 128 946
a 128 98 946
a 98 129 1874
a 129 98 1874
a 99 130 2229
a 130 99 2229
a 99 131 628
a 131 99 628
a 100 131 1437
a 131 100 1437
a 100 132 1866
a 132 100 1866
a 102 133 905
a 133 102 905
a 102 134 672
a 134 102 672
a 103 104 418
a 104 103 418
a 104 134 1765
a 134 104 1765
a 107 135 381
a 135 107 381
a 108 136 536
a 136 108 536
a 110 137 3893
a 137 110 3893
a 110 138 1444
a 138 110 1444
a 111 139 536
a 139 111 536
a 111 140 1114
a 140 111 1114
a 111 141 2067
a 141 111 2067
a 112 114 796
a 114 112 796
a 112 142 1120
a 142 112 1120
a 112 143 536
a 143 112 536
a 114 144 587
a 144 114 587
a 116 145 933
a 145 116 933
a 117 146 515
a 146 117 515
a 117 147 3669
a 147 117 3669
a 118 148 778
a 148 118 778
a 119 149 372
a 149 119 372
a 119 150 1220
a 150 119 1220
a 120 151 3582
a 151 120 3582
a 120 152 1700
a 152 120 1700
a 121 153 1192
a 153 121 1192
a 122 154 2679
a 154 122 2679
a 122 155 847
a 155 122 847
a 123 156 4214
a 156 123 4214
a 124 157 1150
a 157 124 1150
a 124 158 2475
a 158 124 2475
a 127 159 515
a 159 127 515
a 128 160 1792
a 160 128 1792
a 128 161 1166
a 161 128 1166
a 130 162 2750
a 162 130 2750
a 130 163 1845
a 163 130 1845
a 131 164 275
a 164 131 275
a 132 165 1065
a 165 132 1065
a 133 166 1526
a 166 133 1526
a 133 167 1375
a 167 133 1375
a 133 168 1752
a 168 133 1752
a 134 169 1278
a 169 134 1278
a 137 170 3151
a 170 137 3151
a 137 171 763
a 171 137 763
a 137 172 578
a 172 137 578
a 138 173 336
a 173 138 336
a 139 174 402
a 174 139 402
a 140 175 2005
a 175 140 2005
a 140 176 1889
a 176 140 1889
a 140 177 1594
a 177 140 1594
a 141 175 949
a 175 141 949
a 141 178 672
a 178 141 672
a 142 176 2004
a 176 142 2004
a 142 179 1608
a 179 142 1608
a 144 180 1343
a 180 144 1343
a 145 181 2273
a 181 145 2273
a 145 182 959
a 182 145 959
a 146 183 4970
a 183 146 4970
a 148 184 1366
a 184 148 1366
a 148 185 1447
a 185 148 1447
a 149 186 726
a 186 149 726
a 149 187 178
a 187 149 178
a 150 188 750
a 188 150 750
a 150 189 402
a 189 150 402
a 152 190 3957
a 190 152 3957
a 152 191 981
a 191 152 981
a 153 192 785
a 192 153 785
a 153 193 61
a 193 153 61
a 153 194 1851
a 194 153 1851
a 154 195 5966
a 195 154 5966
a 154 196 556
a 196 154 556
a 155 197 2890
a 197 155 2890
a 156 192 949
a 192 156 949
a 156 198 1946
a 198 156 1946
a 156 199 3055
a 199 156 3055
a 157 200 2712
a 200 157 2712
a 158 201 473
a 201 158 473
a 160 161 1583
a 161 160 1583
a 160 202 1891
a 202 160 1891
a 161 202 1138
a 202 161 1138
a 162 203 1433
a 203 162 1433
a 162 204 2456
a 204 162 2456
a 164 205 336
a 205 164 336
a 164 206 2088
a 206 164 2088
a 165 207 402
a 207 165 402
a 167 208 373
a 208 167 373
a 167 209 2270
a 209 167 2270
a 168 169 557
a 169 168 557
a 168 209 344
a 209 168 344
a 169 173 1221
a 173 169 1221
a 170 210 623
a 210 170 623
a 170 211 1278
a 211 170 1278
a 171 212 949
a 212 171 949
a 171 213 1728
a 213 171 1728
a 172 214 1104
a 214 172 1104
a 172 215 1508
a 215 172 1508
a 173 209 1343
a 209 173 1343
a 174 216 1220
a 216 174 1220
a 174 217 604
a 217 174 604
a 174 218 1421
a 218 174 1421
a 175 219 1932
a 219 175 1932
a 175 220 1735
a 220 175 1735
a 176 221 1347
a 221 176 1347
a 177 220 1630
a 220 177 1630
a 178 222 1257
a 222 178 1257
a 178 223 1394
a 223 178 1394
a 180 224 3998
a 224 180 3998
a 181 225 671
a 225 181 671
a 181 226 1808
a 226 181 1808
a 182 227 1099
a 227 182 1099
a 183 228 2016
a 228 183 2016
a 184 229 549
a 229 184 549
a 184 230 434
a 230 184 434
a 185 231 671
a 231 185 671
a 185 232 1108
a 232 185 1108
a 190 233 139
a 233 190 139
a 190 234 2114
a 234 190 2114
a 191 235 583
a 235 191 583
a 192 236 1797
a 236 192 1797
a 195 237 2180
a 237 195 2180
a 195 238 909
a 238 195 909
a 196 197 1196
a 197 196 1196
a 196 239 1556
a 239 196 1556
a 198 240 2490
a 240 198 2490
a 198 241 1072
a 241 198 1072
a 199 242 12070
a 242 199 12070
a 200 243 707
a 243 200 707
a 201 243 628
a 243 201 628
a 201 244 1065
a 244 201 1065
a 202 244 1006
a 244 202 1006
a 203 245 1124
a 245 203 1124
a 204 246 884
a 246 204 884
a 204 247 1022
a 247 204 1022
a 205 248 1908
a 248 205 1908
a 205 249 1207
a 249 205 1207
a 207 208 2270
a 208 207 2270
a 207 249 3042
a 249 207 3042
a 208 250 598
a 250 208 598
a 209 212 1827
a 212 209 1827
a 210 251 1598
a 251 210 1598
a 211 251 1357
a 251 211 1357
a 211 252 1457
a 252 211 1457
a 211 253 1735
a 253 211 1735
a 212 250 1301
a 250 212 1301
a 212 254 3781
a 254 212 3781
a 214 217 1977
a 217 214 1977
a 216 255 1225
a 255 216 1225
a 216 256 929
a 256 216 929
a 217 257 1173
a 257 217 1173
a 218 258 395
a 258 218 395
a 219 223 1140
a 223 219 1140
a 219 259 1493
a 259 219 1493
a 219 260 2080
a 260 219 2080
a 220 261 511
a 261 220 511
a 222 262 238
a 262 222 238
a 223 263 805
a 263 223 805
a 224 264 3115
a 264 224 3115
a 224 265 168
a 265 224 168
a 228 266 2554
a 266 228 2554
a 228 267 2522
a 267 228 2522
a 232 268 749
a 268 232 749
a 232 269 547
a 269 232 547
a 233 270 419
a 270 233 419
a 233 271 3653
a 271 233 3653
a 234 272 2702
a 272 234 2702
a 234 273 3981
a 273 234 3981
a 235 274 1989
a 274 235 1989
a 235 275 1752
a 275 235 1752
a 236 276 238
a 276 236 238
a 238 277 4841
a 277 238 4841
a 238 278 5197
a 278 238 5197
a 240 279 1246
a 279 240 1246
a 240 280 2344
a 280 240 2344
a 241 280 473
a 280 241 473
a 241 281 2959
a 281 241 2959
a 242 282 1469
a 282 242 1469
a 242 283 537
a 283 242 537
a 243 284 746
a 284 243 746
a 244 285 4194
a 285 244 4194
a 244 286 832
a 286 244 832
a 245 287 1452
a 287 245 1452
a 245 288 555
a 288 245 555
a 245 289 1065
a 289 245 1065
a 246 290 238
a 290 246 238
a 246 291 1575
a 291 246 1575
a 247 292 252
a 292 247 252
a 249 293 1847
a 293 249 1847
a 250 293 4465
a 293 250 4465
a 251 294 2113
a 294 251 2113
a 251 295 1929
a 295 251 1929
a 252 296 2040
a 296 252 2040
a 252 297 1124
a 297 252 1124
a 253 296 1466
a 296 253 1466
a 253 298 1024
a 298 253 1024
a 254 299 1004
a 299 254 1004
a 254 300 929
a 300 254 929
a 255 262 1031
a 262 255 1031
a 255 296 929
a 296 255 929
a 259 301 353
a 301 259 353
a 259 302 1375
a 302 259 1375
a 260 261 1253
a 261 260 1253
a 260 303 2002
a 303 260 2002
a 261 304 2399
a 304 261 2399
a 262 298 111
a 298 262 111
a 263 305 403
a 305 263 403
a 264 306 2551
a 306 264 2551
a 264 307 4406
a 307 264 4406
a 265 308 3101
a 308 265 3101
a 266 308 515
a 308 266 515
a 266 309 688
a 309 266 688
a 266 310 888
a 310 266 888
a 267 311 707
a 311 267 707
a 268 275 6027
a 275 268 6027
a 268 312 543
a 312 268 543
a 269 313 7378
a 313 269 7378
a 270 314 1958
a 314 270 1958
a 270 315 562
a 315 270 562
a 271 316 3940
a 316 271 3940
a 271 317 2754
a 317 271 2754
a 271 318 3425
a 318 271 3425
a 272 317 868
a 317 272 868
a 272 319 587
a 319 272 587
a 273 320 2643
a 320 273 2643
a 273 321 1457
a 321 273 1457
a 274 322 937
a 322 274 937
a 274 323 931
a 323 274 931
a 276 277 490
a 277 276 490
a 276 324 868
a 324 276 868
a 277 325 714
a 325 277 714
a 278 282 5170
a 282 278 5170
a 278 326 1389
a 326 278 1389
a 280 327 1136
a 327 280 1136
a 281 328 975
a 328 281 975
a 281 329 713
a 329 281 713
a 282 330 788
a 330 282 788
a 285 331 737
a 331 285 737
a 285 332 3101
a 332 285 3101
a 286 333 2235
a 333 286 2235
a 288 334 1896
a 334 288 1896
a 288 335 992
a 335 288 992
a 290 336 336
a 336 290 336
a 290 337 1556
a 337 290 1556
a 292 338 4791
a 338 292 4791
a 292 339 3260
a 339 292 3260
a 293 340 2924
a 340 293 2924
a 293 341 1150
a 341 293 1150
a 294 342 929
a 342 294 929
a 294 343 1669
a 343 294 1669
a 294 344 1805
a 344 294 1805
a 295 305 1540
a 305 295 1540
a 295 345 975
a 345 295 975
a 298 305 557
a 305 298 557
a 299 346 1139
a 346 299 1139
a 299 347 1150
a 347 299 1150
a 300 347 580
a 347 300 580
a 300 348 749
a 348 300 749
a 300 349 2063
a 349 300 2063
a 301 350 550
a 350 301 550
a 301 351 889
a 351 301 889
a 302 352 884
a 352 302 884
a 302 353 2124
a 353 302 2124
a 303 304 1292
a 304 303 1292
a 303 354 1343
a 354 303 1343
a 303 355 1342
a 355 303 1342
a 304 306 1490
a 306 304 1490
a 305 356 1490
a 356 305 1490
a 306 357 1536
a 357 306 1536
a 307 355 1014
a 355 307 1014
a 307 358 550
a 358 307 550
a 309 359 1193
a 359 309 1193
a 310 360 3194
a 360 310 3194
a 311 361 4628
a 361 311 4628
a 311 362 553
a 362 311 553
a 313 363 1745
a 363 313 1745
a 313 364 543
a 364 313 543
a 314 365 2468
a 365 314 2468
a 314 366 713
a 366 314 713
a 315 366 1610
a 366 315 1610
a 315 367 688
a 367 315 688
a 316 368 1635
a 368 316 1635
a 316 369 201
a 369 316 201
a 317 370 4921
a 370 317 4921
a 318 371 1638
a 371 318 1638
a 318 372 1477
a 372 318 1477
a 319 320 981
a 320 319 981
a 319 373 5895
a 373 319 5895
a 320 374 2533
a 374 320 2533
a 321 375 1117
a 375 321 1117
a 321 376 2134
a 376 321 2134
a 326 377 1181
a 377 326 1181
a 326 378 849
a 378 326 849
a 327 379 5922
a 379 327 5922
a 327 380 2096
a 380 327 2096
a 328 381 1618
a 381 328 1618
a 328 382 2740
a 382 328 2740
a 329 382 3942
a 382 329 3942
a 329 383 672
a 383 329 672
a 330 384 2404
a 384 330 2404
a 330 385 475
a 385 330 475
a 331 386 680
a 386 331 680
a 332 338 2442
a 338 332 2442
a 332 387 557
a 387 332 557
a 333 388 2633
a 388 333 2633
a 334 389 1398
a 389 334 1398
a 334 390 1498
a 390 334 1498
a 334 391 846
a 391 334 846
a 336 390 937
a 390 336 937
a 336 392 1949
a 392 336 1949
a 339 393 201
a 393 339 201
a 340 346 1375
a 346 340 1375
a 340 394 1077
a 394 340 1077
a 341 346 1177
a 346 341 1177
a 341 395 2118
a 395 341 2118
a 342 347 2822
a 347 342 2822
a 342 396 949
a 396 342 949
a 342 397 1111
a 397 342 1111
a 343 398 2522
a 398 343 2522
a 344 398 1866
a 398 344 1866
a 344 399 1734
a 399 344 1734
a 346 396 1006
a 396 346 1006
a 351 352 2158
a 352 351 2158
a 351 400 333
a 400 351 333
a 352 401 796
a 401 352 796
a 352 402 1224
a 402 352 1224
a 353 354 749
a 354 353 749
a 353 403 950
a 403 353 950
a 354 404 1574
a 404 354 1574
a 355 405 1551
a 405 355 1551
a 356 406 651
a 406 356 651
a 356 407 441
a 407 356 441
a 358 408 3837
a 408 358 3837
a 358 409 949
a 409 358 949
a 359 410 445
a 410 359 445
a 360 411 1204
a 411 360 1204
a 361 412 1334
a 412 361 1334
a 361 413 2055
a 413 361 2055
a 362 412 3593
a 412 362 3593
a 363 375 1530
a 375 363 1530
a 365 368 791
a 368 365 791
a 365 414 943
a 414 365 943
a 366 415 818
a 415 366 818
a 367 415 1180
a 415 367 1180
a 367 416 1072
a 416 367 1072
a 368 417 2014
a 417 368 2014
a 369 418 2539
a 418 369 2539
a 369 419 2167
a 419 369 2167
a 370 420 2679
a 420 370 2679
a 370 421 1208
a 421 370 1208
a 373 422 1320
a 422 373 1320
a 373 423 1085
a 423 373 1085
a 374 424 10749
a 424 374 10749
a 374 425 4149
a 425 374 4149
a 375 426 1785
a 426 375 1785
a 379 427 1730
a 427 379 1730
a 382 428 583
a 428 382 583
a 384 429 2464
a 429 384 2464
a 384 430 452
a 430 384 452
a 385 431 791
a 431 385 791
a 386 432 1607
a 432 386 1607
a 387 433 937
a 433 387 937
a 387 434 1060
a 434 387 1060
a 388 435 168
a 435 388 168
a 389 436 949
a 436 389 949
a 389 437 452
a 437 389 452
a 390 438 1935
a 438 390 1935
a 391 439 1006
a 439 391 1006
a 391 440 1357
a 440 391 1357
a 393 441 5668
a 441 393 5668
a 393 442 729
a 442 393 729
a 394 396 1357
a 396 394 1357
a 399 406 1114
a 406 399 1114
a 399 443 885
a 443 399 885
a 400 401 2206
a 401 400 2206
a 400 444 503
a 444 400 503
a 401 445 597
a 445 401 597
a 402 403 787
a 403 402 787
a 402 446 1466
a 446 402 1466
a 403 447 1663
a 447 403 1663
a 404 448 818
a 448 404 818
a 404 449 2080
a 449 404 2080
a 405 409 905
a 409 405 905
a 405 450 595
a 450 405 595
a 406 444 587
a 444 406 587
a 406 451 1204
a 451 406 1204
a 409 452 1592
a 452 409 1592
a 411 453 2239
a 453 411 2239
a 412 454 2043
a 454 412 2043
a 413 455 4216
a 455 413 4216
a 414 456 1027
a 456 414 1027
a 415 416 847
a 416 415 847
a 416 457 503
a 457 416 503
a 418 458 839
a 458 418 839
a 418 459 1225
a 459 418 1225
a 419 460 2665
a 460 419 2665
a 419 461 4445
a 461 419 4445
a 420 422 1209
a 422 420 1209
a 420 462 1361
a 462 420 1361
a 422 463 789
a 463 422 789
a 427 464 3056
a 464 427 3056
a 427 465 3694
a 465 427 3694
a 429 466 2956
a 466 429 2956
a 429 467 3802
a 467 429 3802
a 430 468 747
a 468 430 747
a 431 469 1187
a 469 431 1187
a 431 470 1148
a 470 431 1148
a 432 471 7025
a 471 432 7025
a 432 472 4027
a 472 432 4027
a 433 439 1809
a 439 433 1809
a 433 473 1006
a 473 433 1006
a 435 472 649
a 472 435 649
a 435 474 1727
a 474 435 1727
a 438 475 748
a 475 438 748
a 441 476 2014
a 476 441 2014
a 442 477 2900
a 477 442 2900
a 442 478 573
a 478 442 573
a 445 446 587
a 446 445 587
a 445 479 1114
a 479 445 1114
a 446 447 1096
a 447 446 1096
a 447 480 1113
a 480 447 1113
a 448 481 1113
a 481 448 1113
a 448 482 924
a 482 448 924
a 449 483 1868
a 483 449 1868
a 452 484 2028
a 484 452 2028
a 452 485 1695
a 485 452 1695
a 453 486 4020
a 486 453 4020
a 453 487 1916
a 487 453 1916
a 454 488 598
a 488 454 598
a 454 489 778
a 489 454 778
a 455 490 1100
a 490 455 1100
a 455 491 2334
a 491 455 2334
a 456 492 1480
a 492 456 1480
a 456 493 796
a 493 456 796
a 457 494 1130
a 494 457 1130
a 457 495 507
a 495 457 507
a 458 496 3031
a 496 458 3031
a 461 497 1916
a 497 461 1916
a 461 498 5849
a 498 461 5849
a 462 499 1948
a 499 462 1948
a 464 500 39
a 500 464 39
a 466 467 1262
a 467 466 1262
a 466 501 10858
a 501 466 10858
a 467 502 868
a 502 467 868
a 467 503 1558
a 503 467 1558
a 469 504 278
a 504 469 278
a 469 505 4911
a 505 469 4911
a 471 506 1598
a 506 471 1598
a 471 507 6110
a 507 471 6110
a 472 508 1509
a 508 472 1509
a 473 509 179
a 509 473 179
a 474 508 434
a 508 474 434
a 474 510 1024
a 510 474 1024
a 476 511 238
a 511 476 238
a 476 512 1175
a 512 476 1175
a 477 513 1611
a 513 477 1611
a 477 514 2111
a 514 477 2111
a 478 515 485
a 515 478 485
a 479 516 503
a 516 479 503
a 479 517 1342
a 517 479 1342
a 480 518 1139
a 518 480 1139
a 480 519 609
a 519 480 609
a 481 518 983
a 518 481 983
a 482 518 949
a 518 482 949
a 482 520 1161
a 520 482 1161
a 486 521 515
a 521 486 515
a 487 522 204
a 522 487 204
a 487 523 1099
a 523 487 1099
a 490 524 1970
a 524 490 1970
a 491 525 1851
a 525 491 1851
a 491 526 2388
a 526 491 2388
a 491 527 736
a 527 491 736
a 492 493 1426
a 493 492 1426
a 492 528 810
a 528 492 810
a 493 529 839
a 529 493 839
a 494 530 854
a 530 494 854
a 494 531 2134
a 531 494 2134
a 495 532 1204
a 532 495 1204
a 495 533 1281
a 533 495 1281
a 495 534 557
a 534 495 557
a 496 535 1220
a 535 496 1220
a 496 536 1848
a 536 496 1848
a 497 537 871
a 537 497 871
a 497 538 278
a 538 497 278
a 498 539 2676
a 539 498 2676
a 499 540 2879
a 540 499 2879
a 499 541 2082
a 541 499 2082
a 501 542 127
a 542 501 127
a 502 543 696
a 543 502 696
a 502 544 846
a 544 502 846
a 503 545 5225
a 545 503 5225
a 504 546 4563
a 546 504 4563
a 505 547 3959
a 547 505 3959
a 505 548 2180
a 548 505 2180
a 506 549 1166
a 549 506 1166
a 507 550 1830
a 550 507 1830
a 507 551 2623
a 551 507 2623
a 510 552 6513
a 552 510 6513
a 510 553 1292
a 553 510 1292
a 511 554 1504
a 554 511 1504
a 511 555 1727
a 555 511 1727
a 512 556 2130
a 556 512 2130
a 512 557 4681
a 557 512 4681
a 513 558 1761
a 558 513 1761
a 513 559 1483
a 559 513 1483
a 514 560 536
a 560 514 536
a 514 561 1060
a 561 514 1060
a 519 520 422
a 520 519 422
a 520 562 1538
a 562 520 1538
a 521 563 1004
a 563 521 1004
a 521 564 723
a 564 521 723
a 523 565 872
a 565 523 872
a 523 566 1276
a 566 523 1276
a 524 567 673
a 567 524 673
a 524 568 1409
a 568 524 1409
a 524 569 1620
a 569 524 1620
a 525 570 683
a 570 525 683
a 525 571 501
a 571 525 501
a 526 570 1932
a 570 526 1932
a 526 572 782
a 572 526 782
a 526 573 675
a 573 526 675
a 528 574 717
a 574 528 717
a 528 575 2092
a 575 528 2092
a 529 575 924
a 575 529 924
a 529 576 418
a 576 529 418
a 530 532 809
a 532 530 809
a 530 577 1405
a 577 530 1405
a 531 574 2713
a 574 531 2713
a 531 575 556
a 575 531 556
a 532 578 889
a 578 532 889
a 533 579 884
a 579 533 884
a 534 579 1150
a 579 534 1150
a 534 580 788
a 580 534 788
a 535 581 3854
a 581 535 3854
a 536 582 1111
a 582 536 1111
a 536 583 1178
a 583 536 1178
a 539 584 2439
a 584 539 2439
a 539 585 926
a 585 539 926
a 542 586 770
a 586 542 770
a 542 587 630
a 587 542 630
a 543 544 611
a 544 543 611
a 543 588 11591
a 588 543 11591
a 544 589 1375
a 589 544 1375
a 546 590 2604
a 590 546 2604
a 546 591 1196
a 591 546 1196
a 547 592 2966
a 592 547 2966
a 547 593 5650
a 593 547 5650
a 549 556 5770
a 556 549 5770
a 550 594 2685
a 594 550 2685
a 550 595 1760
a 595 550 1760
a 551 596 1457
a 596 551 1457
a 551 597 871
a 597 551 871
a 552 598 2143
a 598 552 2143
a 552 599 2264
a 599 552 2264
a 553 600 1669
a 600 553 1669
a 553 601 981
a 601 553 981
a 554 602 3297
a 602 554 3297
a 554 603 871
a 603 554 871
a 555 604 876
a 604 555 876
a 556 605 301
a 605 556 301
a 557 606 527
a 606 557 527
a 557 607 1923
a 607 557 1923
a 558 608 2003
a 608 558 2003
a 559 609 452
a 609 559 452
a 560 561 818
a 561 560 818
a 560 610 825
a 610 560 825
a 561 611 675
a 611 561 675
a 561 612 1031
a 612 561 1031
a 561 613 1322
a 613 561 1322
a 562 614 142
a 614 562 142
a 562 615 698
a 615 562 698
a 563 616 548
a 616 563 548
a 563 617 1594
a 617 563 1594
a 564 618 490
a 618 564 490
a 564 619 1809
a 619 564 1809
a 565 620 1768
a 620 565 1768
a 565 621 602
a 621 565 602
a 567 622 275
a 622 567 275
a 567 623 381
a 623 567 381
a 567 624 402
a 624 567 402
a 568 623 756
a 623 568 756
a 568 625 1639
a 625 568 1639
a 568 626 1116
a 626 568 1116
a 569 624 1440
a 624 569 1440
a 569 625 2527
a 625 569 2527
a 569 627 3308
a 627 569 3308
a 571 628 597
a 628 571 597
a 571 629 576
a 629 571 576
a 573 630 1055
a 630 573 1055
a 573 631 1334
a 631 573 1334
a 574 632 1094
a 632 574 1094
a 577 578 581
a 578 577 581
a 578 580 1006
a 580 578 1006
a 579 633 610
a 633 579 610
a 580 633 1072
a 633 580 1072
a 581 634 5182
a 634 581 5182
a 581 635 223
a 635 581 223
a 582 636 222
a 636 582 222
a 582 637 1444
a 637 582 1444
a 584 638 1793
a 638 584 1793
a 584 639 3168
a 639 584 3168
a 585 640 3286
a 640 585 3286
a 586 588 1098
a 588 586 1098
a 586 641 4350
a 641 586 4350
a 588 642 2256
a 642 588 2256
a 588 643 899
a 643 588 899
a 589 644 1186
a 644 589 1186
a 589 645 2827
a 645 589 2827
a 590 646 865
a 646 590 865
a 590 647 1086
a 647 590 1086
a 591 648 4505
a 648 591 4505
a 591 649 7111
a 649 591 7111
a 592 650 5962
a 650 592 5962
a 592 651 247
a 651 592 247
a 593 652 1062
a 652 593 1062
a 595 596 3635
a 596 595 3635
a 595 653 12556
a 653 595 12556
a 596 654 1301
a 654 596 1301
a 597 654 1949
a 654 597 1949
a 597 655 4859
a 655 597 4859
a 598 656 1177
a 656 598 1177
a 599 657 1299
a 657 599 1299
a 600 658 1698
a 658 600 1698
a 600 659 1140
a 659 600 1140
a 601 659 1669
a 659 601 1669
a 601 660 7133
a 660 601 7133
a 605 661 501
a 661 605 501
a 606 607 1435
a 607 606 1435
a 608 662 905
a 662 608 905
a 608 663 1140
a 663 608 1140
a 609 664 1268
a 664 609 1268
a 609 665 247
a 665 609 247
a 610 611 884
a 611 610 884
a 610 666 610
a 666 610 610
a 610 667 1299
a 667 610 1299
a 611 612 746
a 612 611 746
a 611 668 5226
a 668 611 5226
a 612 613 787
a 613 612 787
a 612 669 1031
a 669 612 1031
a 613 665 539
a 665 613 539
a 614 670 628
a 670 614 628
a 616 620 2447
a 620 616 2447
a 616 671 1537
a 671 616 1537
a 618 672 451
a 672 618 451
a 620 673 1320
a 673 620 1320
a 622 623 255
a 623 622 255
a 622 674 145
a 674 622 145
a 622 675 429
a 675 622 429
a 623 675 491
a 675 623 491
a 624 674 153
a 674 624 153
a 625 675 896
a 675 625 896
a 625 676 5071
a 676 625 5071
a 626 677 6723
a 677 626 6723
a 627 678 1654
a 678 627 1654
a 632 679 691
a 679 632 691
a 632 680 700
a 680 632 700
a 633 681 475
a 681 633 475
a 634 682 348
a 682 634 348
a 634 683 1156
a 683 634 1156
a 635 638 2195
a 638 635 2195
a 635 684 1276
a 684 635 1276
a 636 685 2556
a 685 636 2556
a 636 686 787
a 686 636 787
a 638 639 2648
a 639 638 2648
a 640 687 416
a 687 640 416
a 641 688 4159
a 688 641 4159
a 641 689 1948
a 689 641 1948
a 642 690 8725
a 690 642 8725
a 642 691 2110
a 691 642 2110
a 643 692 1391
a 692 643 1391
a 643 693 710
a 693 643 710
a 644 694 2310
a 694 644 2310
a 644 695 4182
a 695 644 4182
a 645 696 892
a 696 645 892
a 645 697 1535
a 697 645 1535
a 648 652 2065
a 652 648 2065
a 648 698 2022
a 698 648 2022
a 649 699 4668
a 699 649 4668
a 649 700 22581
a 700 649 22581
a 650 701 669
a 701 650 669
a 651 702 5074
a 702 651 5074
a 651 703 1767
a 703 651 1767
a 653 704 3879
a 704 653 3879
a 653 705 2361
a 705 653 2361
a 654 706 4277
a 706 654 4277
a 655 658 392
a 658 655 392
a 655 707 2272
a 707 655 2272
a 656 657 418
a 657 656 418
a 656 708 4555
a 708 656 4555
a 657 709 4514
a 709 657 4514
a 659 710 3934
a 710 659 3934
a 660 706 2810
a 706 660 2810
a 660 711 587
a 711 660 587
a 662 664 1493
a 664 662 1493
a 662 712 4556
a 712 662 4556
a 664 713 3728
a 713 664 3728
a 664 714 515
a 714 664 515
a 665 715 763
a 715 665 763
a 666 716 333
a 716 666 333
a 667 717 4305
a 717 667 4305
a 667 718 1531
a 718 667 1531
a 668 717 1065
a 717 668 1065
a 668 719 238
a 719 668 238
a 669 714 1190
a 714 669 1190
a 669 720 1871
a 720 669 1871
a 670 721 594
a 721 670 594
a 671 722 1504
a 722 671 1504
a 671 723 949
a 723 671 949
a 674 675 455
a 675 674 455
a 676 724 611
a 724 676 611
a 677 725 13639
a 725 677 13639
a 678 726 1270
a 726 678 1270
a 679 727 791
a 727 679 791
a 680 728 1092
a 728 680 1092
a 682 729 139
a 729 682 139
a 682 730 4714
a 730 682 4714
a 685 727 1531
a 727 685 1531
a 685 731 1013
a 731 685 1013
a 687 732 12136
a 732 687 12136
a 687 733 4374
a 733 687 4374
a 688 690 4971
a 690 688 4971
a 688 734 1564
a 734 688 1564
a 690 735 4016
a 735 690 4016
a 691 736 1339
a 736 691 1339
a 691 737 2426
a 737 691 2426
a 692 738 934
a 738 692 934
a 693 739 1234
a 739 693 1234
a 694 740 949
a 740 694 949
a 695 739 3872
a 739 695 3872
a 695 741 2560
a 741 695 2560
a 696 740 1487
a 740 696 1487
a 697 742 2759
a 742 697 2759
a 697 743 3325
a 743 697 3325
a 699 744 1827
a 744 699 1827
a 699 745 475
a 745 699 475
a 700 746 5588
a 746 700 5588
a 700 747 1630
a 747 700 1630
a 701 748 461
a 748 701 461
a 701 749 1344
a 749 701 1344
a 702 750 7671
a 750 702 7671
a 702 751 1689
a 751 702 1689
a 703 752 2665
a 752 703 2665
a 703 753 3450
a 753 703 3450
a 704 754 4203
a 754 704 4203
a 704 755 838
a 755 704 838
a 705 756 1547
a 756 705 1547
a 705 757 1623
a 757 705 1623
a 706 710 4418
a 710 706 4418
a 708 758 533
a 758 708 533
a 709 759 4276
a 759 709 4276
a 709 760 6845
a 760 709 6845
a 710 711 1883
a 711 710 1883
a 711 761 2513
a 761 711 2513
a 712 713 2143
a 713 712 2143
a 713 762 4263
a 762 713 4263
a 713 763 497
a 763 713 497
a 714 763 3448
a 763 714 3448
a 716 764 2735
a 764 716 2735
a 716 765 1150
a 765 716 1150
a 717 766 1810
a 766 717 1810
a 718 767 707
a 767 718 707
a 718 768 672
a 768 718 672
a 719 769 1322
a 769 719 1322
a 719 770 1392
a 770 719 1392
a 721 771 110
a 771 721 110
a 722 772 626
a 772 722 626
a 724 773 238
a 773 724 238
a 725 774 1188
a 774 725 1188
a 725 775 2526
a 775 725 2526
a 725 776 822
a 776 725 822
a 726 777 2033
a 777 726 2033
a 730 778 15011
a 778 730 15011
a 731 779 604
a 779 731 604
a 731 780 927
a 780 731 927
a 732 781 2978
a 781 732 2978
a 732 782 6359
a 782 732 6359
a 733 783 4855
a 783 733 4855
a 735 784 736
a 784 735 736
a 735 785 713
a 785 735 713
a 736 786 2838
a 786 736 2838
a 736 787 4306
a 787 736 4306
a 737 788 3170
a 788 737 3170
a 737 789 1693
a 789 737 1693
a 738 789 1276
a 789 738 1276
a 738 790 763
a 790 738 763
a 739 791 5065
a 791 739 5065
a 740 791 3352
a 791 740 3352
a 744 792 5066
a 792 744 5066
a 744 793 1499
a 793 744 1499
a 745 794 1253
a 794 745 1253
a 745 795 1007
a 795 745 1007
a 748 796 1351
a 796 748 1351
a 748 797 2204
a 797 748 2204
a 750 798 5856
a 798 750 5856
a 750 799 5573
a 799 750 5573
a 752 800 3243
a 800 752 3243
a 752 801 1354
a 801 752 1354
a 754 802 2054
a 802 754 2054
a 755 803 503
a 803 755 503
a 755 804 1947
a 804 755 1947
a 758 805 10162
a 805 758 10162
a 758 806 884
a 806 758 884
a 759 807 2278
a 807 759 2278
a 760 808 876
a 808 760 876
a 762 809 876
a 809 762 876
a 762 810 474
a 810 762 474
a 764 811 2228
a 811 764 2228
a 764 812 631
a 812 764 631
a 766 813 2131
a 813 766 2131
a 766 814 1061
a 814 766 1061
a 767 813 1031
a 813 767 1031
a 767 815 580
a 815 767 580
a 769 816 1530
a 816 769 1530
a 769 817 2535
a 817 769 2535
a 770 818 1848
a 818 770 1848
a 770 819 680
a 819 770 680
a 771 820 934
a 820 771 934
a 772 821 597
a 821 772 597
a 772 822 2516
a 822 772 2516
a 773 823 402
a 823 773 402
a 774 824 3886
a 824 774 3886
a 775 825 7047
a 825 775 7047
a 777 826 5767
a 826 777 5767
a 777 827 1396
a 827 777 1396
a 777 828 527
a 828 777 527
a 778 829 5033
a 829 778 5033
a 778 830 2903
a 830 778 2903
a 779 831 2685
a 831 779 2685
a 779 832 672
a 832 779 672
a 780 833 3861
a 833 780 3861
a 780 834 101
a 834 780 101
a 781 835 2432
a 835 781 2432
a 782 836 1635
a 836 782 1635
a 782 837 1264
a 837 782 1264
a 783 838 4071
a 838 783 4071
a 784 785 867
a 785 784 867
a 784 839 1382
a 839 784 1382
a 785 806 2040
a 806 785 2040
a 786 840 597
a 840 786 597
a 786 841 3147
a 841 786 3147
a 787 842 522
a 842 787 522
a 787 843 672
a 843 787 672
a 789 844 1297
a 844 789 1297
a 790 845 1258
a 845 790 1258
a 790 846 580
a 846 790 580
a 791 847 402
a 847 791 402
a 792 848 3416
a 848 792 3416
a 792 849 1402
a 849 792 1402
a 793 850 278
a 850 793 278
a 793 851 532
a 851 793 532
a 794 795 1667
a 795 794 1667
a 794 852 1500
a 852 794 1500
a 795 853 841
a 853 795 841
a 796 854 1331
a 854 796 1331
a 796 855 1703
a 855 796 1703
a 798 856 4267
a 856 798 4267
a 800 857 1112
a 857 800 1112
a 800 858 1496
a 858 800 1496
a 801 859 1062
a 859 801 1062
a 801 860 1142
a 860 801 1142
a 802 861 1223
a 861 802 1223
a 802 862 3445
a 862 802 3445
a 803 863 1194
a 863 803 1194
a 804 864 2543
a 864 804 2543
a 804 865 835
a 865 804 835
a 805 866 847
a 866 805 847
a 805 867 1045
a 867 805 1045
a 807 868 649
a 868 807 649
a 807 869 3130
a 869 807 3130
a 808 870 597
a 870 808 597
a 808 871 1608
a 871 808 1608
a 809 872 1120
a 872 809 1120
a 809 873 4750
a 873 809 4750
a 811 874 2200
a 874 811 2200
a 812 875 400
a 875 812 400
a 812 876 826
a 876 812 826
a 813 877 1179
a 877 813 1179
a 813 878 889
a 878 813 889
a 816 872 2102
a 872 816 2102
a 816 879 5742
a 879 816 5742
a 818 819 1897
a 819 818 1897
a 818 880 1767
a 880 818 1767
a 819 881 713
a 881 819 713
a 819 882 604
a 882 819 604
a 821 883 94
a 883 821 94
a 822 884 672
a 884 822 672
a 822 885 1006
a 885 822 1006
a 823 886 707
a 886 823 707
a 823 887 847
a 887 823 847
a 824 888 199
a 888 824 199
a 825 889 3421
a 889 825 3421
a 826 890 238
a 890 826 238
a 827 891 1003
a 891 827 1003
a 827 892 1394
a 892 827 1394
a 827 893 1342
a 893 827 1342
a 828 894 229
a 894 828 229
a 829 895 194
a 895 829 194
a 829 896 2603
a 896 829 2603
a 831 897 1022
a 897 831 1022
a 832 898 336
a 898 832 336
a 832 899 481
a 899 832 481
a 833 900 356
a 900 833 356
a 833 901 119
a 901 833 119
a 834 901 3694
a 901 834 3694
a 834 902 2975
a 902 834 2975
a 835 837 3281
a 837 835 3281
a 835 903 7787
a 903 835 7787
a 836 904 5836
a 904 836 5836
a 838 905 1836
a 905 838 1836
a 838 906 6200
a 906 838 6200
a 839 907 1350
a 907 839 1350
a 839 908 2749
a 908 839 2749
a 839 909 1272
a 909 839 1272
a 840 910 3661
a 910 840 3661
a 840 911 2493
a 911 840 2493
a 842 843 377
a 843 842 377
a 842 910 4427
a 910 842 4427
a 843 912 1065
a 912 843 1065
a 845 913 473
a 913 845 473
a 845 914 1719
a 914 845 1719
a 847 914 3455
a 914 847 3455
a 847 915 2852
a 915 847 2852
a 848 916 750
a 916 848 750
a 848 917 1557
a 917 848 1557
a 849 917 2463
a 917 849 2463
a 849 918 1060
a 918 849 1060
a 850 852 418
a 852 850 418
a 851 900 144
a 900 851 144
a 851 919 663
a 919 851 663
a 852 920 97
a 920 852 97
a 853 921 472
a 921 853 472
a 853 922 585
a 922 853 585
a 854 923 561
a 923 854 561
a 854 924 2374
a 924 854 2374
a 856 925 3849
a 925 856 3849
a 856 926 197
a 926 856 197
a 857 927 1172
a 927 857 1172
a 857 928 377
a 928 857 377
a 861 929 6546
a 929 861 6546
a 862 930 610
a 930 862 610
a 862 931 949
a 931 862 949
a 863 864 1346
a 864 863 1346
a 865 932 251
a 932 865 251
a 865 933 1952
a 933 865 1952
a 866 867 895
a 867 866 895
a 866 934 9347
a 934 866 9347
a 868 935 533
a 935 868 533
a 868 936 1257
a 936 868 1257
a 869 937 1787
a 937 869 1787
a 869 938 3359
a 938 869 3359
a 870 939 2099
a 939 870 2099
a 871 940 680
a 940 871 680
a 872 941 5194
a 941 872 5194
a 873 942 2387
a 942 873 2387
a 873 943 8341
a 943 873 8341
a 874 944 2262
a 944 874 2262
a 874 945 902
a 945 874 902
a 875 946 2203
a 946 875 2203
a 875 947 1498
a 947 875 1498
a 877 948 2322
a 948 877 2322
a 877 949 168
a 949 877 168
a 879 880 4281
a 880 879 4281
a 879 950 2169
a 950 879 2169
a 880 951 1827
a 951 880 1827
a 882 952 969
a 952 882 969
a 883 953 182
a 953 883 182
a 883 954 1246
a 954 883 1246
a 884 955 763
a 955 884 763
a 885 890 2865
a 890 885 2865
a 885 955 580
a 955 885 580
a 886 956 587
a 956 886 587
a 887 957 889
a 957 887 889
a 888 958 356
a 958 888 356
a 892 959 2280
a 959 892 2280
a 892 960 373
a 960 892 373
a 893 961 818
a 961 893 818
a 893 962 1263
a 962 893 1263
a 895 963 2258
a 963 895 2258
a 895 964 3435
a 964 895 3435
a 895 965 126
a 965 895 126
a 896 966 3537
a 966 896 3537
a 897 967 226
a 967 897 226
a 897 968 139
a 968 897 139
a 899 968 1039
a 968 899 1039
a 901 969 536
a 969 901 536
a 902 970 580
a 970 902 580
a 903 971 5634
a 971 903 5634
a 903 972 810
a 972 903 810
a 904 973 5570
a 973 904 5570
a 904 974 2886
a 974 904 2886
a 906 975 506
a 975 906 506
a 908 976 604
a 976 908 604
a 908 977 1031
a 977 908 1031
a 910 978 981
a 978 910 981
a 911 979 1498
a 979 911 1498
a 911 980 1703
a 980 911 1703
a 911 981 2352
a 981 911 2352
a 912 977 1021
a 977 912 1021
a 912 982 628
a 982 912 628
a 914 983 1868
a 983 914 1868
a 915 984 611
a 984 915 611
a 915 985 344
a 985 915 344
a 917 986 2632
a 986 917 2632
a 918 986 2244
a 986 918 2244
a 918 987 1760
a 987 918 1760
a 919 920 212
a 920 919 212
a 920 922 2850
a 922 920 2850
a 920 988 925
a 988 920 925
a 921 989 755
a 989 921 755
a 926 990 627
a 990 926 627
a 926 991 3885
a 991 926 3885
a 928 992 5114
a 992 928 5114
a 929 993 2363
a 993 929 2363
a 929 994 6864
a 994 929 6864
a 930 995 1161
a 995 930 1161
a 930 996 1281
a 996 930 1281
a 931 997 1872
a 997 931 1872
a 931 998 706
a 998 931 706
a 932 999 2787
a 999 932 2787
a 934 1000 924
a 1000 934 924
a 936 939 1881
a 939 936 1881
a 936 1001 76
a 1001 936 76
a 937 1002 1783
a 1002 937 1783
a 937 1003 812
a 1003 937 812
a 940 1004 9950
a 1004 940 9950
a 942 1005 2279
a 1005 942 2279
a 942 1006 1593
a 1006 942 1593
a 944 947 1024
a 947 944 1024
a 944 1007 1504
a 1007 944 1504
a 945 1008 3604
a 1008 945 3604
a 945 1009 1493
a 1009 945 1493
a 946 947 1398
a 947 946 1398
a 946 1007 1077
a 1007 946 1077
a 947 1010 1978
a 1010 947 1978
a 948 1011 139
a 1011 948 139
a 948 1012 3528
a 1012 948 3528
a 949 1013 3949
a 1013 949 3949
a 949 1014 1608
a 1014 949 1608
a 951 1015 1113
a 1015 951 1113
a 951 1016 1047
a 1016 951 1047
a 951 1017 749
a 1017 951 749
a 952 1018 303
a 1018 952 303
a 953 1019 1775
a 1019 953 1775
a 953 1020 1014
a 1020 953 1014
a 956 1021 1013
a 1021 956 1013
a 956 1022 1576
a 1022 956 1576
a 957 1022 1347
a 1022 957 1347
a 957 1023 610
a 1023 957 610
a 958 1024 4044
a 1024 958 4044
a 958 1025 4756
a 1025 958 4756
a 960 1026 536
a 1026 960 536
a 960 1027 803
a 1027 960 803
a 962 1028 1096
a 1028 962 1096
a 962 1029 1466
a 1029 962 1466
a 963 1030 5495
a 1030 963 5495
a 963 1031 6085
a 1031 963 6085
a 964 1032 1607
a 1032 964 1607
a 967 1033 1637
a 1033 967 1637
a 968 1034 1700
a 1034 968 1700
a 969 1035 2563
a 1035 969 2563
a 969 1036 872
a 1036 969 872
a 970 1037 2746
a 1037 970 2746
a 970 1038 675
a 1038 970 675
a 972 1039 2123
a 1039 972 2123
a 972 1040 2630
a 1040 972 2630
a 972 1041 18166
a 1041 972 18166
a 973 1042 4601
a 1042 973 4601
a 973 1043 2251
a 1043 973 2251
a 975 1044 1719
a 1044 975 1719
a 975 1045 2299
a 1045 975 2299
a 977 1046 805
a 1046 977 805
a 978 1047 3924
a 1047 978 3924
a 978 1048 803
a 1048 978 803
a 979 1049 1938
a 1049 979 1938
a 979 1050 1159
a 1050 979 1159
a 980 1051 3527
a 1051 980 3527
a 980 1052 1576
a 1052 980 1576
a 984 1053 4318
a 1053 984 4318
a 984 1054 1980
a 1054 984 1980
a 985 1055 2789
a 1055 985 2789
a 985 1056 2000
a 1056 985 2000
a 986 987 3357
a 987 986 3357
a 987 1057 1633
a 1057 987 1633
a 988 1058 2038
a 1058 988 2038
a 989 1058 934
a 1058 989 934
a 989 1059 1000
a 1059 989 1000
a 989 1060 847
a 1060 989 847
a 990 1061 300
a 1061 990 300
a 990 1062 967
a 1062 990 967
a 992 1063 440
a 1063 992 440
a 992 1064 1200
a 1064 992 1200
a 994 1065 4795
a 1065 994 4795
a 994 1066 670
a 1066 994 670
a 995 997 902
a 997 995 902
a 995 1067 1031
a 1067 995 1031
a 998 1068 1663
a 1068 998 1663
a 998 1069 1525
a 1069 998 1525
a 999 1070 1055
a 1070 999 1055
a 999 1071 550
a 1071 999 550
a 999 1072 713
a 1072 999 713
a 1000 1073 749
a 1073 1000 749
a 1002 1074 4341
a 1074 1002 4341
a 1002 1075 1191
a 1075 1002 1191
a 1002 1076 1207
a 1076 1002 1207
a 1004 1077 981
a 1077 1004 981
a 1006 1078 1846
a 1078 1006 1846
a 1006 1079 749
a 1079 1006 749
a 1007 1008 1113
a 1008 1007 1113
a 1009 1080 275
a 1080 1009 275
a 1010 1081 1031
a 1081 1010 1031
a 1011 1082 1809
a 1082 1011 1809
a 1011 1083 1248
a 1083 1011 1248
a 1012 1014 238
a 1014 1012 238
a 1012 1084 1344
a 1084 1012 1344
a 1013 1080 1786
a 1080 1013 1786
a 1013 1085 796
a 1085 1013 796
a 1014 1086 511
a 1086 1014 511
a 1015 1087 707
a 1087 1015 707
a 1015 1088 373
a 1088 1015 373
a 1015 1089 1031
a 1089 1015 1031
a 1018 1090 1848
a 1090 1018 1848
a 1018 1091 144
a 1091 1018 144
a 1019 1092 1710
a 1092 1019 1710
a 1019 1093 1014
a 1093 1019 1014
a 1020 1093 1775
a 1093 1020 1775
a 1020 1094 905
a 1094 1020 905
a 1021 1095 1096
a 1095 1021 1096
a 1021 1096 1565
a 1096 1021 1565
a 1022 1096 1096
a 1096 1022 1096
a 1023 1097 688
a 1097 1023 688
a 1023 1098 2110
a 1098 1023 2110
a 1025 1099 1113
a 1099 1025 1113
a 1026 1100 3061
a 1100 1026 3061
a 1026 1101 1483
a 1101 1026 1483
a 1027 1102 412
a 1102 1027 412
a 1028 1103 838
a 1103 1028 838
a 1028 1104 1565
a 1104 1028 1565
a 1029 1102 810
a 1102 1029 810
a 1029 1104 1006
a 1104 1029 1006
a 1029 1105 3202
a 1105 1029 3202
a 1030 1106 475
a 1106 1030 475
a 1030 1107 1489
a 1107 1030 1489
a 1031 1108 1428
a 1108 1031 1428
a 1032 1109 2266
a 1109 1032 2266
a 1033 1060 999
a 1060 1033 999
a 1036 1037 2644
a 1037 1036 2644
a 1036 1038 737
a 1038 1036 737
a 1037 1038 2558
a 1038 1037 2558
a 1039 1110 5049
a 1110 1039 5049
a 1039 1111 3470
a 1111 1039 3470
a 1040 1112 4436
a 1112 1040 4436
a 1041 1044 1740
a 1044 1041 1740
a 1042 1113 5556
a 1113 1042 5556
a 1043 1114 1293
a 1114 1043 1293
a 1043 1115 4410
a 1115 1043 4410
a 1043 1116 1303
a 1116 1043 1303
a 1044 1117 2011
a 1117 1044 2011
a 1044 1118 1837
a 1118 1044 1837
a 1047 1119 4745
a 1119 1047 4745
a 1047 1120 1924
a 1120 1047 1924
a 1047 1121 78
a 1121 1047 78
a 1048 1122 1424
a 1122 1048 1424
a 1048 1123 1675
a 1123 1048 1675
a 1051 1124 2483
a 1124 1051 2483
a 1051 1125 3195
a 1125 1051 3195
a 1052 1053 1933
a 1053 1052 1933
a 1052 1126 587
a 1126 1052 587
a 1052 1127 503
a 1127 1052 503
a 1053 1128 1429
a 1128 1053 1429
a 1054 1129 2002
a 1129 1054 2002
a 1054 1130 111
a 1130 1054 111
a 1055 1130 2760
a 1130 1055 2760
a 1055 1131 2810
a 1131 1055 2810
a 1055 1132 1137
a 1132 1055 1137
a 1060 1133 1225
a 1133 1060 1225
a 1061 1134 1258
a 1134 1061 1258
a 1062 1135 677
a 1135 1062 677
a 1063 1136 3464
a 1136 1063 3464
a 1063 1137 1430
a 1137 1063 1430
a 1065 1138 926
a 1138 1065 926
a 1065 1139 1558
a 1139 1065 1558
a 1066 1140 1229
a 1140 1066 1229
a 1066 1141 128
a 1141 1066 128
a 1067 1142 1322
a 1142 1067 1322
a 1067 1143 902
a 1143 1067 902
a 1069 1144 1653
a 1144 1069 1653
a 1069 1145 1004
a 1145 1069 1004
a 1069 1146 1457
a 1146 1069 1457
a 1071 1147 818
a 1147 1071 818
a 1072 1148 3012
a 1148 1072 3012
a 1072 1149 373
a 1149 1072 373
a 1073 1150 6447
a 1150 1073 6447
a 1074 1144 16051
a 1144 1074 16051
a 1074 1151 381
a 1151 1074 381
a 1075 1152 2220
a 1152 1075 2220
a 1075 1153 407
a 1153 1075 407
a 1076 1154 1114
a 1154 1076 1114
a 1076 1155 1472
a 1155 1076 1472
a 1077 1156 550
a 1156 1077 550
a 1080 1157 1735
a 1157 1080 1735
a 1081 1158 580
a 1158 1081 580
a 1083 1084 3414
a 1084 1083 3414
a 1083 1091 793
a 1091 1083 793
a 1083 1159 2406
a 1159 1083 2406
a 1084 1160 5137
a 1160 1084 5137
a 1085 1086 1577
a 1086 1085 1577
a 1085 1161 1815
a 1161 1085 1815
a 1086 1162 903
a 1162 1086 903
a 1087 1163 1498
a 1163 1087 1498
a 1087 1164 1195
a 1164 1087 1195
a 1089 1165 2700
a 1165 1089 2700
a 1089 1166 867
a 1166 1089 867
a 1090 1159 838
a 1159 1090 838
a 1090 1165 782
a 1165 1090 782
a 1091 1167 1008
a 1167 1091 1008
a 1092 1168 763
a 1168 1092 763
a 1092 1169 1014
a 1169 1092 1014
a 1093 1169 1710
a 1169 1093 1710
a 1093 1170 905
a 1170 1093 905
a 1094 1170 1775
a 1170 1094 1775
a 1094 1171 905
a 1171 1094 905
a 1095 1172 515
a 1172 1095 515
