c In this file, the DIMACS format is extended by allowing arcs of infinite weight.
c These are specified by "a U V inf", where U and V are vertex IDs.
p sp 524 1344
a 1 2 833
a 2 1 833
a 1 3 1170
a 3 1 1170
a 1 4 1039
a 4 1 1039
a 2 5 794
a 5 2 794
a 2 6 1171
a 6 2 1171
a 3 7 591
a 7 3 591
a 3 8 1499
a 8 3 1499
a 3 9 792
a 9 3 792
a 4 10 1095
a 10 4 1095
a 4 11 348
a 11 4 348
a 4 12 818
a 12 4 818
a 5 13 845
a 13 5 845
a 5 14 1136
a 14 5 1136
a 6 7 243
a 7 6 243
a 6 14 698
a 14 6 698
a 7 15 1410
a 15 7 1410
a 8 15 796
a 15 8 796
a 8 16 704
a 16 8 704
a 9 11 138
a 11 9 138
a 9 16 1670
a 16 9 1670
a 11 17 781
a 17 11 781
a 12 17 628
a 17 12 628
a 12 18 821
a 18 12 821
a 12 19 807
a 19 12 807
a 13 20 783
a 20 13 783
a 13 21 1240
a 21 13 1240
a 14 21 832
a 21 14 832
a 14 22 1276
a 22 14 1276
a 15 22 701
a 22 15 701
a 15 23 418
a 23 15 418
a 16 24 780
a 24 16 780
a 16 25 139
a 25 16 139
a 17 24 1764
a 24 17 1764
a 18 26 4804
a 26 18 4804
a 18 27 2541
a 27 18 2541
a 18 28 1201
a 28 18 1201
a 20 29 878
a 29 20 878
a 20 30 1191
a 30 20 1191
a 21 30 838
a 30 21 838
a 21 31 1286
a 31 21 1286
a 22 32 669
a 32 22 669
a 23 33 180
a 33 23 180
a 24 34 1333
a 34 24 1333
a 25 35 664
a 35 25 664
a 26 36 835
a 36 26 835
a 26 37 2511
a 37 26 2511
a 26 38 1261
a 38 26 1261
a 27 39 1864
a 39 27 1864
a 28 40 523
a 40 28 523
a 29 41 1644
a 41 29 1644
a 29 42 1114
a 42 29 1114
a 30 41 746
a 41 30 746
a 30 43 1320
a 43 30 1320
a 31 32 103
a 32 31 103
a 31 43 844
a 43 31 844
a 32 44 496
a 44 32 496
a 33 45 751
a 45 33 751
a 34 35 717
a 35 34 717
a 34 39 711
a 39 34 711
a 34 46 2193
a 46 34 2193
a 35 47 917
a 47 35 917
a 36 48 3653
a 48 36 3653
a 36 49 1648
a 49 36 1648
a 37 50 3030
a 50 37 3030
a 38 51 1760
a 51 38 1760
a 39 52 1936
a 52 39 1936
a 39 53 3497
a 53 39 3497
a 41 54 1942
a 54 41 1942
a 41 55 1390
a 55 41 1390
a 42 56 743
a 56 42 743
a 43 55 794
a 55 43 794
a 44 57 376
a 57 44 376
a 45 46 937
a 46 45 937
a 45 47 552
a 47 45 552
a 45 58 923
a 58 45 923
a 46 59 7828
a 59 46 7828
a 47 60 630
a 60 47 630
a 48 61 1190
a 61 48 1190
a 48 62 3487
a 62 48 3487
a 50 63 247
a 63 50 247
a 51 64 742
a 64 51 742
a 52 65 854
a 65 52 854
a 53 66 232
a 66 53 232
a 54 56 1137
a 56 54 1137
a 54 67 438
a 67 54 438
a 54 68 1402
a 68 54 1402
a 55 68 1862
a 68 55 1862
a 56 69 687
a 69 56 687
a 57 58 470
a 58 57 470
a 57 70 1146
a 70 57 1146
a 58 71 903
a 71 58 903
a 59 72 1156
a 72 59 1156
a 59 73 2158
a 73 59 2158
a 59 74 671
a 74 59 671
a 61 75 4103
a 75 61 4103
a 61 76 4270
a 76 61 4270
a 62 76 1228
a 76 62 1228
a 62 77 904
a 77 62 904
a 63 78 243
a 78 63 243
a 64 78 7750
a 78 64 7750
a 64 79 103
a 79 64 103
a 64 80 3776
a 80 64 3776
a 65 81 670
a 81 65 670
a 66 82 416
a 82 66 416
a 68 83 582
a 83 68 582
a 68 84 502
a 84 68 502
a 69 85 381
a 85 69 381
a 70 86 834
a 86 70 834
a 70 87 1255
a 87 70 1255
a 71 87 686
a 87 71 686
a 71 88 216
a 88 71 216
a 72 89 311
a 89 72 311
a 72 90 1728
a 90 72 1728
a 72 91 681
a 91 72 681
a 73 74 1925
a 74 73 1925
a 73 92 1411
a 92 73 1411
a 74 93 3274
a 93 74 3274
a 74 94 742
a 94 74 742
a 75 95 99
a 95 75 99
a 75 96 1981
a 96 75 1981
a 75 97 800
a 97 75 800
a 76 98 2500
a 98 76 2500
a 78 99 395
a 99 78 395
a 79 100 623
a 100 79 623
a 79 101 3443
a 101 79 3443
a 81 102 687
a 102 81 687
a 81 103 1178
a 103 81 1178
a 82 104 760
a 104 82 760
a 84 105 394
a 105 84 394
a 86 105 1825
a 105 86 1825
a 86 106 1227
a 106 86 1227
a 87 106 841
a 106 87 841
a 88 107 3314
a 107 88 3314
a 88 108 619
a 108 88 619
a 89 109 3149
a 109 89 3149
a 89 110 612
a 110 89 612
a 90 111 3267
a 111 90 3267
a 92 110 2851
a 110 92 2851
a 92 112 511
a 112 92 511
a 93 112 744
a 112 93 744
a 93 113 4513
a 113 93 4513
a 93 114 779
a 114 93 779
a 94 115 1499
a 115 94 1499
a 94 116 939
a 116 94 939
a 95 117 1345
a 117 95 1345
a 96 118 784
a 118 96 784
a 96 119 248
a 119 96 248
a 97 120 3413
a 120 97 3413
a 97 121 854
a 121 97 854
a 98 122 2814
a 122 98 2814
a 98 123 1729
a 123 98 1729
a 99 124 1569
a 124 99 1569
a 99 125 266
a 125 99 266
a 100 126 1427
a 126 100 1427
a 100 127 1323
a 127 100 1323
a 101 127 3298
a 127 101 3298
a 101 128 2129
a 128 101 2129
a 102 129 1023
a 129 102 1023
a 102 130 2451
a 130 102 2451
a 103 131 687
a 131 103 687
a 103 132 344
a 132 103 344
a 104 133 325
a 133 104 325
a 105 134 153
a 134 105 153
a 106 135 1921
a 135 106 1921
a 107 136 989
a 136 107 989
a 107 137 611
a 137 107 611
a 108 138 1954
a 138 108 1954
a 108 139 335
a 139 108 335
a 109 140 3263
a 140 109 3263
a 109 141 2535
a 141 109 2535
a 109 142 1294
a 142 109 1294
a 110 142 2367
a 142 110 2367
a 111 143 892
a 143 111 892
a 112 144 2436
a 144 112 2436
a 112 145 2259
a 145 112 2259
a 113 146 2000
a 146 113 2000
a 114 147 2034
a 147 114 2034
a 114 148 2568
a 148 114 2568
a 114 149 702
a 149 114 702
a 115 133 1336
a 133 115 1336
a 116 148 108
a 148 116 108
a 117 150 1066
a 150 117 1066
a 118 121 864
a 121 118 864
a 118 151 2887
a 151 118 2887
a 118 152 794
a 152 118 794
a 120 153 13042
a 153 120 13042
a 120 154 562
a 154 120 562
a 120 155 656
a 155 120 656
a 121 154 3071
a 154 121 3071
a 123 156 7406
a 156 123 7406
a 124 157 871
a 157 124 871
a 124 158 628
a 158 124 628
a 125 159 2249
a 159 125 2249
a 126 159 3466
a 159 126 3466
a 126 160 3404
a 160 126 3404
a 127 161 2016
a 161 127 2016
a 128 162 1736
a 162 128 1736
a 128 163 1257
a 163 128 1257
a 129 132 950
a 132 129 950
a 129 164 238
a 164 129 238
a 130 165 1031
a 165 130 1031
a 130 166 1525
a 166 130 1525
a 131 163 335
a 163 131 335
a 132 167 754
a 167 132 754
a 134 135 1296
a 135 134 1296
a 134 168 693
a 168 134 693
a 135 169 192
a 169 135 192
a 136 170 875
a 170 136 875
a 136 171 646
a 171 136 646
a 136 172 852
a 172 136 852
a 138 173 298
a 173 138 298
a 139 143 1333
a 143 139 1333
a 139 174 452
a 174 139 452
a 140 175 1427
a 175 140 1427
a 140 176 913
a 176 140 913
a 141 177 2702
a 177 141 2702
a 141 178 2121
a 178 141 2121
a 141 179 650
a 179 141 650
a 142 180 314
a 180 142 314
a 143 181 189
a 181 143 189
a 144 182 5658
a 182 144 5658
a 145 183 1368
a 183 145 1368
a 145 184 2179
a 184 145 2179
a 146 185 1220
a 185 146 1220
a 147 186 2668
a 186 147 2668
a 148 187 472
a 187 148 472
a 149 188 825
a 188 149 825
a 150 189 10722
a 189 150 10722
a 150 190 3973
a 190 150 3973
a 151 154 727
a 154 151 727
a 151 191 1244
a 191 151 1244
a 151 192 786
a 192 151 786
a 152 191 1799
a 191 152 1799
a 152 193 308
a 193 152 308
a 152 194 1026
a 194 152 1026
a 153 195 7446
a 195 153 7446
a 153 196 5098
a 196 153 5098
a 153 197 850
a 197 153 850
a 155 198 578
a 198 155 578
a 155 199 2394
a 199 155 2394
a 156 200 212
a 200 156 212
a 157 201 479
a 201 157 479
a 157 202 439
a 202 157 439
a 158 203 564
a 203 158 564
a 158 204 523
a 204 158 523
a 159 160 542
a 160 159 542
a 160 205 1698
a 205 160 1698
a 161 206 1562
a 206 161 1562
a 161 207 389
a 207 161 389
a 161 208 991
a 208 161 991
a 162 209 1112
a 209 162 1112
a 162 210 546
a 210 162 546
a 163 167 1014
a 167 163 1014
a 163 211 915
a 211 163 915
a 164 212 904
a 212 164 904
a 164 213 1463
a 213 164 1463
a 165 214 1791
a 214 165 1791
a 166 212 562
a 212 166 562
a 166 214 889
a 214 166 889
a 167 213 817
a 213 167 817
a 167 215 1112
a 215 167 1112
a 168 216 845
a 216 168 845
a 168 217 1236
a 217 168 1236
a 169 217 503
a 217 169 503
a 170 218 2439
a 218 170 2439
a 170 219 560
a 219 170 560
a 171 177 594
a 177 171 594
a 171 220 344
a 220 171 344
a 172 221 2165
a 221 172 2165
a 172 222 2466
a 222 172 2466
a 172 223 810
a 223 172 810
a 173 174 2095
a 174 173 2095
a 173 223 358
a 223 173 358
a 174 224 736
a 224 174 736
a 175 225 2123
a 225 175 2123
a 175 226 2962
a 226 175 2962
a 176 180 3688
a 180 176 3688
a 176 227 704
a 227 176 704
a 177 220 527
a 220 177 527
a 178 221 2154
a 221 178 2154
a 178 222 1881
a 222 178 1881
a 178 228 898
a 228 178 898
a 181 224 125
a 224 181 125
a 181 229 350
a 229 181 350
a 182 230 2127
a 230 182 2127
a 183 231 2217
a 231 183 2217
a 183 232 1553
a 232 183 1553
a 184 233 998
a 233 184 998
a 185 234 1004
a 234 185 1004
a 185 235 373
a 235 185 373
a 187 236 550
a 236 187 550
a 188 237 749
a 237 188 749
a 189 238 587
a 238 189 587
a 189 239 1377
a 239 189 1377
a 191 240 970
a 240 191 970
a 192 240 2207
a 240 192 2207
a 192 241 753
a 241 192 753
a 193 242 427
a 242 193 427
a 193 243 1622
a 243 193 1622
a 195 244 1422
a 244 195 1422
a 196 245 359
a 245 196 359
a 197 246 196
a 246 197 196
a 198 247 899
a 247 198 899
a 199 248 924
a 248 199 924
a 199 249 1179
a 249 199 1179
a 200 250 271
a 250 200 271
a 201 202 496
a 202 201 496
a 201 251 532
a 251 201 532
a 202 203 561
a 203 202 561
a 202 252 646
a 252 202 646
a 203 204 481
a 204 203 481
a 203 252 473
a 252 203 473
a 204 253 1527
a 253 204 1527
a 205 254 1937
a 254 205 1937
a 205 255 833
a 255 205 833
a 206 256 276
a 256 206 276
a 206 257 3516
a 257 206 3516
a 209 258 1603
a 258 209 1603
a 209 259 746
a 259 209 746
a 211 260 657
a 260 211 657
a 211 261 911
a 261 211 911
a 212 262 1709
a 262 212 1709
a 213 262 892
a 262 213 892
a 214 263 796
a 263 214 796
a 214 264 2920
a 264 214 2920
a 215 260 746
a 260 215 746
a 215 264 2346
a 264 215 2346
a 215 265 845
a 265 215 845
a 216 266 792
a 266 216 792
a 216 267 1228
a 267 216 1228
a 217 268 492
a 268 217 492
a 218 269 1078
a 269 218 1078
a 218 270 1063
a 270 218 1063
a 220 270 1957
a 270 220 1957
a 221 224 1660
a 224 221 1660
a 221 271 393
a 271 221 393
a 224 272 853
a 272 224 853
a 225 273 270
a 273 225 270
a 225 274 1316
a 274 225 1316
a 226 275 531
a 275 226 531
a 228 271 1714
a 271 228 1714
a 228 276 242
a 276 228 242
a 230 277 1083
a 277 230 1083
a 231 278 921
a 278 231 921
a 231 279 1177
a 279 231 1177
a 232 279 1285
a 279 232 1285
a 233 280 1384
a 280 233 1384
a 233 281 1157
a 281 233 1157
a 233 282 1262
a 282 233 1262
a 234 283 1719
a 283 234 1719
a 235 284 2850
a 284 235 2850
a 236 285 515
a 285 236 515
a 237 285 1139
a 285 237 1139
a 237 286 905
a 286 237 905
a 237 287 627
a 287 237 627
a 238 288 1251
a 288 238 1251
a 240 242 1311
a 242 240 1311
a 240 289 1025
a 289 240 1025
a 241 290 389
a 290 241 389
a 242 291 474
a 291 242 474
a 243 291 993
a 291 243 993
a 244 292 1487
a 292 244 1487
a 245 293 297
a 293 245 297
a 246 294 720
a 294 246 720
a 247 295 304
a 295 247 304
a 247 296 431
a 296 247 431
a 248 297 393
a 297 248 393
a 248 298 1079
a 298 248 1079
a 249 290 267
a 290 249 267
a 249 298 831
a 298 249 831
a 250 299 338
a 299 250 338
a 250 300 886
a 300 250 886
a 251 301 1198
a 301 251 1198
a 252 302 1509
a 302 252 1509
a 253 303 931
a 303 253 931
a 253 304 2885
a 304 253 2885
a 253 305 2979
a 305 253 2979
a 254 306 395
a 306 254 395
a 254 307 696
a 307 254 696
a 255 307 1918
a 307 255 1918
a 255 308 741
a 308 255 741
a 255 309 629
a 309 255 629
a 256 310 663
a 310 256 663
a 257 311 1485
a 311 257 1485
a 257 312 1528
a 312 257 1528
a 257 313 560
a 313 257 560
a 258 311 1576
a 311 258 1576
a 258 314 679
a 314 258 679
a 259 314 1479
a 314 259 1479
a 259 315 546
a 315 259 546
a 261 316 1170
a 316 261 1170
a 261 317 664
a 317 261 664
a 262 264 1099
a 264 262 1099
a 263 318 2040
a 318 263 2040
a 263 319 889
a 319 263 889
a 264 320 786
a 320 264 786
a 265 316 475
a 316 265 475
a 265 321 2151
a 321 265 2151
a 266 322 705
a 322 266 705
a 266 323 1245
a 323 266 1245
a 267 268 299
a 268 267 299
a 267 323 796
a 323 267 796
a 269 324 917
a 324 269 917
a 269 325 1057
a 325 269 1057
a 270 326 2394
a 326 270 2394
a 271 272 963
a 272 271 963
a 273 327 5339
a 327 273 5339
a 273 328 1550
a 328 273 1550
a 277 329 1314
a 329 277 1314
a 278 330 1415
a 330 278 1415
a 278 331 2808
a 331 278 2808
a 280 332 1697
a 332 280 1697
a 280 333 685
a 333 280 685
a 280 334 478
a 334 280 478
a 281 335 339
a 335 281 339
a 282 336 1220
a 336 282 1220
a 284 337 1767
a 337 284 1767
a 285 338 3133
a 338 285 3133
a 286 339 924
a 339 286 924
a 286 340 2224
a 340 286 2224
a 287 341 2941
a 341 287 2941
a 288 342 912
a 342 288 912
a 288 343 1579
a 343 288 1579
a 289 290 2607
a 290 289 2607
a 289 344 1327
a 344 289 1327
a 291 345 359
a 345 291 359
a 292 346 5646
a 346 292 5646
a 292 347 2041
a 347 292 2041
a 293 348 229
a 348 293 229
a 294 349 210
a 349 294 210
a 295 350 106
a 350 295 106
a 297 351 297
a 351 297 297
a 297 352 3441
a 352 297 3441
a 298 353 4233
a 353 298 4233
a 299 354 962
a 354 299 962
a 300 355 797
a 355 300 797
a 300 356 1386
a 356 300 1386
a 301 357 2527
a 357 301 2527
a 301 358 260
a 358 301 260
a 302 303 422
a 303 302 422
a 302 359 713
a 359 302 713
a 302 360 285
a 360 302 285
a 303 361 5034
a 361 303 5034
a 304 362 301
a 362 304 301
a 305 363 358
a 363 305 358
a 305 364 2499
a 364 305 2499
a 307 362 741
a 362 307 741
a 308 310 2215
a 310 308 2215
a 308 362 1918
a 362 308 1918
a 308 365 333
a 365 308 333
a 310 365 2311
a 365 310 2311
a 311 366 990
a 366 311 990
a 312 367 822
a 367 312 822
a 313 368 1085
a 368 313 1085
a 313 369 742
a 369 313 742
a 314 366 781
a 366 314 781
a 315 366 2147
a 366 315 2147
a 317 370 1481
a 370 317 1481
a 317 371 1559
a 371 317 1559
a 317 372 779
a 372 317 779
a 318 373 847
a 373 318 847
a 318 374 1726
a 374 318 1726
a 319 373 2393
a 373 319 2393
a 319 375 1114
a 375 319 1114
a 320 321 275
a 321 320 275
a 320 374 1055
a 374 320 1055
a 321 376 627
a 376 321 627
a 322 377 736
a 377 322 736
a 322 378 1236
a 378 322 1236
a 323 378 756
a 378 323 756
a 324 326 1096
a 326 324 1096
a 324 379 1243
a 379 324 1243
a 325 355 1323
a 355 325 1323
a 325 356 1093
a 356 325 1093
a 325 380 844
a 380 325 844
a 326 381 1966
a 381 326 1966
a 328 382 1448
a 382 328 1448
a 328 383 620
a 383 328 620
a 329 384 535
a 384 329 535
a 329 385 1095
a 385 329 1095
a 329 386 440
a 386 329 440
a 330 332 2160
a 332 330 2160
a 330 387 3162
a 387 330 3162
a 330 388 751
a 388 330 751
a 332 389 3529
a 389 332 3529
a 332 390 2555
a 390 332 2555
a 333 391 452
a 391 333 452
a 334 336 1339
a 336 334 1339
a 336 392 1627
a 392 336 1627
a 336 393 1027
a 393 336 1027
a 337 394 344
a 394 337 344
a 338 341 333
a 341 338 333
a 338 395 1844
a 395 338 1844
a 338 396 915
a 396 338 915
a 339 397 3853
a 397 339 3853
a 339 398 2682
a 398 339 2682
a 340 398 687
a 398 340 687
a 340 399 1726
a 399 340 1726
a 341 400 649
a 400 341 649
a 341 401 1847
a 401 341 1847
a 342 402 2134
a 402 342 2134
a 342 403 440
a 403 342 440
a 344 345 294
a 345 344 294
a 345 404 1860
a 404 345 1860
a 346 405 3845
a 405 346 3845
a 347 406 812
a 406 347 812
a 348 407 2953
a 407 348 2953
a 348 408 2891
a 408 348 2891
a 348 409 334
a 409 348 334
a 349 410 1336
a 410 349 1336
a 349 411 5709
a 411 349 5709
a 349 412 624
a 412 349 624
a 350 413 587
a 413 350 587
a 351 414 251
a 414 351 251
a 352 415 2965
a 415 352 2965
a 354 416 212
a 416 354 212
a 355 377 704
a 377 355 704
a 356 416 856
a 416 356 856
a 357 414 1168
a 414 357 1168
a 358 359 752
a 359 358 752
a 358 417 2625
a 417 358 2625
a 360 418 695
a 418 360 695
a 360 419 1388
a 419 360 1388
a 361 420 494
a 420 361 494
a 361 421 888
a 421 361 888
a 363 422 2180
a 422 363 2180
a 363 423 6110
a 423 363 6110
a 364 421 399
a 421 364 399
a 365 423 997
a 423 365 997
a 365 424 450
a 424 365 450
a 367 370 383
a 370 367 383
a 368 425 1029
a 425 368 1029
a 368 426 1376
a 426 368 1376
a 369 427 255
a 427 369 255
a 369 428 1022
a 428 369 1022
a 370 429 233
a 429 370 233
a 371 376 2405
a 376 371 2405
a 372 430 2705
a 430 372 2705
a 372 431 943
a 431 372 943
a 373 432 1119
a 432 373 1119
a 373 433 875
a 433 373 875
a 374 434 796
a 434 374 796
a 375 396 552
a 396 375 552
a 375 432 2825
a 432 375 2825
a 376 435 5012
a 435 376 5012
a 377 380 1327
a 380 377 1327
a 378 380 755
a 380 378 755
a 379 416 1023
a 416 379 1023
a 379 436 2717
a 436 379 2717
a 381 437 1437
a 437 381 1437
a 381 438 1299
a 438 381 1299
a 382 438 1439
a 438 382 1439
a 382 439 4012
a 439 382 4012
a 383 386 461
a 386 383 461
a 384 440 934
a 440 384 934
a 384 441 791
a 441 384 791
a 385 440 1125
a 440 385 1125
a 385 442 784
a 442 385 784
a 387 443 850
a 443 387 850
a 389 444 702
a 444 389 702
a 390 445 2889
a 445 390 2889
a 390 446 516
a 446 390 516
a 390 447 2189
a 447 390 2189
a 391 392 353
a 392 391 353
a 391 446 597
a 446 391 597
a 391 448 847
a 448 391 847
a 392 449 1188
a 449 392 1188
a 393 449 1961
a 449 393 1961
a 393 450 847
a 450 393 847
a 394 451 893
a 451 394 893
a 394 452 434
a 452 394 434
a 394 453 245
a 453 394 245
a 395 454 1345
a 454 395 1345
a 395 455 383
a 455 395 383
a 396 456 925
a 456 396 925
a 397 457 948
a 457 397 948
a 397 458 4004
a 458 397 4004
a 398 459 1139
a 459 398 1139
a 399 400 452
a 400 399 452
a 399 460 1220
a 460 399 1220
a 401 461 1030
a 461 401 1030
a 402 462 1981
a 462 402 1981
a 402 463 1673
a 463 402 1673
a 403 463 890
a 463 403 890
a 403 464 935
a 464 403 935
a 405 465 2409
a 465 405 2409
a 406 466 71
a 466 406 71
a 407 467 4586
a 467 407 4586
a 408 468 4598
a 468 408 4598
a 409 469 2545
a 469 409 2545
a 410 469 2255
a 469 410 2255
a 411 413 6082
a 413 411 6082
a 412 470 849
a 470 412 849
a 412 471 3371
a 471 412 3371
a 413 472 424
a 472 413 424
a 413 473 1114
a 473 413 1114
a 414 474 700
a 474 414 700
a 414 475 141
a 475 414 141
a 417 476 3934
a 476 417 3934
a 417 477 1180
a 477 417 1180
a 418 478 2524
a 478 418 2524
a 419 479 1268
a 479 419 1268
a 421 480 1241
a 480 421 1241
a 422 480 1940
a 480 422 1940
a 423 481 1588
a 481 423 1588
a 424 482 748
a 482 424 748
a 424 483 2809
a 483 424 2809
a 425 484 2862
a 484 425 2862
a 425 485 2542
a 485 425 2542
a 426 485 874
a 485 426 874
a 427 486 1442
a 486 427 1442
a 428 486 825
a 486 428 825
a 428 487 933
a 487 428 933
a 431 486 1612
a 486 431 1612
a 431 488 1246
a 488 431 1246
a 432 489 1635
a 489 432 1635
a 432 490 597
a 490 432 597
a 433 434 706
a 434 433 706
a 433 490 1375
a 490 433 1375
a 434 491 1454
a 491 434 1454
a 435 492 503
a 492 435 503
a 435 493 680
a 493 435 680
a 435 494 817
a 494 435 817
a 435 495 804
a 495 435 804
a 436 438 385
a 438 436 385
a 436 496 982
a 496 436 982
a 439 497 83
a 497 439 83
a 439 498 302
a 498 439 302
a 440 499 727
a 499 440 727
a 441 500 1767
a 500 441 1767
a 441 501 829
a 501 441 829
a 442 499 1376
a 499 442 1376
a 442 502 756
a 502 442 756
a 443 503 419
a 503 443 419
a 444 504 1036
a 504 444 1036
a 445 447 2255
a 447 445 2255
a 445 505 247
a 505 445 247
a 446 448 713
a 448 446 713
a 447 506 313
a 506 447 313
a 448 507 1532
a 507 448 1532
a 448 508 746
a 508 448 746
a 449 508 786
a 508 449 786
a 449 509 950
a 509 449 950
a 450 509 2001
a 509 450 2001
a 450 510 1866
a 510 450 1866
a 451 452 847
a 452 451 847
a 451 511 1006
a 511 451 1006
a 451 512 1635
a 512 451 1635
a 451 513 419
a 513 451 419
a 452 514 475
a 514 452 475
a 453 515 29
a 515 453 29
a 453 516 148
a 516 453 148
a 455 517 474
a 517 455 474
a 457 518 2779
a 518 457 2779
a 458 518 1670
a 518 458 1670
a 458 519 1006
a 519 458 1006
a 458 520 1344
a 520 458 1344
a 459 521 1262
a 521 459 1262
a 459 522 2590
a 522 459 2590
a 460 523 1188
a 523 460 1188
a 460 524 2246
a 524 460 2246
a 473 474 1026
a 474 473 1026
a 475 477 153
a 477 475 153
a 485 487 1796
a 487 485 1796
a 489 492 675
a 492 489 675
a 489 517 353
a 517 489 353
a 490 491 515
a 491 490 515
a 490 492 1425
a 492 490 1425
a 493 495 556
a 495 493 556
a 499 500 704
a 500 499 704
a 507 508 1277
a 508 507 1277
a 510 514 1593
a 514 510 1593
