c In this file, the DIMACS format is extended by allowing arcs of infinite weight.
c These are specified by "a U V inf", where U and V are vertex IDs.
p sp 524 1428
a 1 2 663
a 2 1 663
a 1 3 808
a 3 1 808
a 1 4 716
a 4 1 716
a 2 5 2994
a 5 2 2994
a 2 6 2142
a 6 2 2142
a 3 7 2366
a 7 3 2366
a 3 8 737
a 8 3 737
a 4 9 752
a 9 4 752
a 4 10 1413
a 10 4 1413
a 5 7 690
a 7 5 690
a 5 11 1802
a 11 5 1802
a 5 12 366
a 12 5 366
a 6 10 696
a 10 6 696
a 6 13 320
a 13 6 320
a 6 14 2132
a 14 6 2132
a 7 15 1803
a 15 7 1803
a 7 16 717
a 16 7 717
a 8 9 1553
a 9 8 1553
a 8 17 1030
a 17 8 1030
a 8 18 761
a 18 8 761
a 9 19 930
a 19 9 930
a 9 20 793
a 20 9 793
a 10 19 851
a 19 10 851
a 10 21 1497
a 21 10 1497
a 11 15 688
a 15 11 688
a 11 22 1302
a 22 11 1302
a 12 23 2157
a 23 12 2157
a 14 21 978
a 21 14 978
a 14 24 646
a 24 14 646
a 15 25 1513
a 25 15 1513
a 15 26 800
a 26 15 800
a 16 26 1667
a 26 16 1667
a 16 27 404
a 27 16 404
a 18 20 1538
a 20 18 1538
a 18 28 1175
a 28 18 1175
a 18 29 737
a 29 18 737
a 19 30 1694
a 30 19 1694
a 21 30 771
a 30 21 771
a 22 31 1601
a 31 22 1601
a 24 32 250
a 32 24 250
a 24 33 1340
a 33 24 1340
a 25 34 2460
a 34 25 2460
a 26 35 848
a 35 26 848
a 26 36 1529
a 36 26 1529
a 29 37 816
a 37 29 816
a 29 38 1374
a 38 29 1374
a 29 39 1242
a 39 29 1242
a 30 40 2167
a 40 30 2167
a 30 41 489
a 41 30 489
a 32 42 694
a 42 32 694
a 32 43 2232
a 43 32 2232
a 34 44 1196
a 44 34 1196
a 34 45 671
a 45 34 671
a 34 46 1399
a 46 34 1399
a 35 47 1712
a 47 35 1712
a 35 48 955
a 48 35 955
a 37 38 1211
a 38 37 1211
a 37 49 323
a 49 37 323
a 38 50 576
a 50 38 576
a 39 40 1351
a 40 39 1351
a 39 51 1451
a 51 39 1451
a 39 52 1726
a 52 39 1726
a 40 53 204
a 53 40 204
a 41 54 350
a 54 41 350
a 41 55 1464
a 55 41 1464
a 42 56 1776
a 56 42 1776
a 42 57 1290
a 57 42 1290
a 43 58 1435
a 58 43 1435
a 44 59 1326
a 59 44 1326
a 45 60 2559
a 60 45 2559
a 45 61 678
a 61 45 678
a 45 62 2227
a 62 45 2227
a 46 63 1315
a 63 46 1315
a 46 64 2462
a 64 46 2462
a 47 65 1184
a 65 47 1184
a 47 66 407
a 66 47 407
a 47 67 977
a 67 47 977
a 48 68 480
a 68 48 480
a 48 69 944
a 69 48 944
a 49 70 1799
a 70 49 1799
a 49 71 496
a 71 49 496
a 50 72 947
a 72 50 947
a 50 73 611
a 73 50 611
a 51 74 22
a 74 51 22
a 51 75 1657
a 75 51 1657
a 52 53 1201
a 53 52 1201
a 52 75 1387
a 75 52 1387
a 52 76 932
a 76 52 932
a 53 55 230
a 55 53 230
a 54 77 924
a 77 54 924
a 54 78 1045
a 78 54 1045
a 55 79 621
a 79 55 621
a 56 80 1189
a 80 56 1189
a 56 81 664
a 81 56 664
a 56 82 842
a 82 56 842
a 57 83 1100
a 83 57 1100
a 59 60 665
a 60 59 665
a 60 84 1179
a 84 60 1179
a 61 85 922
a 85 61 922
a 62 86 20
a 86 62 20
a 63 87 691
a 87 63 691
a 64 88 946
a 88 64 946
a 64 89 2834
a 89 64 2834
a 66 90 116
a 90 66 116
a 67 68 1088
a 68 67 1088
a 67 91 165
a 91 67 165
a 68 92 779
a 92 68 779
a 69 93 612
a 93 69 612
a 70 93 336
a 93 70 336
a 70 94 296
a 94 70 296
a 72 95 792
a 95 72 792
a 73 95 894
a 95 73 894
a 73 96 1774
a 96 73 1774
a 73 97 445
a 97 73 445
a 74 98 96
a 98 74 96
a 74 99 1048
a 99 74 1048
a 74 100 1616
a 100 74 1616
a 75 100 685
a 100 75 685
a 76 79 2055
a 79 76 2055
a 76 101 953
a 101 76 953
a 76 102 1035
a 102 76 1035
a 77 103 1094
a 103 77 1094
a 77 104 425
a 104 77 425
a 78 103 1027
a 103 78 1027
a 78 105 278
a 105 78 278
a 78 106 638
a 106 78 638
a 79 106 728
a 106 79 728
a 80 107 1243
a 107 80 1243
a 80 108 1307
a 108 80 1307
a 80 109 885
a 109 80 885
a 82 109 1089
a 109 82 1089
a 82 110 230
a 110 82 230
a 83 111 794
a 111 83 794
a 83 112 808
a 112 83 808
a 85 113 533
a 113 85 533
a 85 114 661
a 114 85 661
a 87 115 660
a 115 87 660
a 88 116 1161
a 116 88 1161
a 88 117 2949
a 117 88 2949
a 88 118 3507
a 118 88 3507
a 89 117 865
a 117 89 865
a 91 114 1514
a 114 91 1514
a 91 119 815
a 119 91 815
a 92 119 1259
a 119 92 1259
a 92 120 869
a 120 92 869
a 93 96 830
a 96 93 830
a 95 121 1807
a 121 95 1807
a 95 122 717
a 122 95 717
a 96 121 870
a 121 96 870
a 96 123 744
a 123 96 744
a 99 124 359
a 124 99 359
a 99 125 387
a 125 99 387
a 100 126 1014
a 126 100 1014
a 101 127 966
a 127 101 966
a 101 128 471
a 128 101 471
a 101 129 1286
a 129 101 1286
a 102 127 896
a 127 102 896
a 102 130 800
a 130 102 800
a 105 131 927
a 131 105 927
a 105 132 1405
a 132 105 1405
a 106 129 1647
a 129 106 1647
a 107 133 9881
a 133 107 9881
a 107 134 1015
a 134 107 1015
a 107 135 1020
a 135 107 1020
a 109 135 1266
a 135 109 1266
a 111 136 1807
a 136 111 1807
a 111 137 2592
a 137 111 2592
a 113 138 2107
a 138 113 2107
a 113 139 878
a 139 113 878
a 114 140 870
a 140 114 870
a 115 141 202
a 141 115 202
a 115 142 718
a 142 115 718
a 116 143 4140
a 143 116 4140
a 116 144 568
a 144 116 568
a 117 145 901
a 145 117 901
a 117 146 509
a 146 117 509
a 118 142 389
a 142 118 389
a 119 140 1524
a 140 119 1524
a 119 147 830
a 147 119 830
a 120 147 1271
a 147 120 1271
a 120 148 777
a 148 120 777
a 120 149 949
a 149 120 949
a 121 149 1066
a 149 121 1066
a 121 150 777
a 150 121 777
a 122 150 1762
a 150 122 1762
a 122 151 540
a 151 122 540
a 122 152 722
a 152 122 722
a 124 125 372
a 125 124 372
a 124 153 2559
a 153 124 2559
a 125 126 1112
a 126 125 1112
a 126 154 1170
a 154 126 1170
a 126 155 1047
a 155 126 1047
a 127 156 1499
a 156 127 1499
a 128 157 3514
a 157 128 3514
a 128 158 630
a 158 128 630
a 129 159 801
a 159 129 801
a 130 160 2116
a 160 130 2116
a 130 161 752
a 161 130 752
a 131 162 4932
a 162 131 4932
a 131 163 662
a 163 131 662
a 132 159 346
a 159 132 346
a 132 164 805
a 164 132 805
a 133 165 753
a 165 133 753
a 133 166 2952
a 166 133 2952
a 134 136 1670
a 136 134 1670
a 134 167 703
a 167 134 703
a 135 168 347
a 168 135 347
a 135 169 959
a 169 135 959
a 136 170 646
a 170 136 646
a 138 171 934
a 171 138 934
a 138 172 875
a 172 138 875
a 139 140 1305
a 140 139 1305
a 139 172 1960
a 172 139 1960
a 139 173 805
a 173 139 805
a 140 174 810
a 174 140 810
a 141 175 138
a 175 141 138
a 143 175 1371
a 175 143 1371
a 143 176 2888
a 176 143 2888
a 144 145 1559
a 145 144 1559
a 144 177 597
a 177 144 597
a 145 178 240
a 178 145 240
a 145 179 3378
a 179 145 3378
a 147 174 1538
a 174 147 1538
a 147 180 782
a 180 147 782
a 148 180 1235
a 180 148 1235
a 148 181 759
a 181 148 759
a 148 182 920
a 182 148 920
a 150 182 1088
a 182 150 1088
a 150 183 710
a 183 150 710
a 152 183 1724
a 183 152 1724
a 152 184 746
a 184 152 746
a 152 185 442
a 185 152 442
a 153 186 204
a 186 153 204
a 153 187 994
a 187 153 994
a 154 188 173
a 188 154 173
a 154 189 1299
a 189 154 1299
a 155 161 687
a 161 155 687
a 155 190 1148
a 190 155 1148
a 155 191 1153
a 191 155 1153
a 156 160 771
a 160 156 771
a 156 192 1991
a 192 156 1991
a 156 193 236
a 193 156 236
a 157 194 903
a 194 157 903
a 157 195 220
a 195 157 220
a 158 196 1058
a 196 158 1058
a 158 197 330
a 197 158 330
a 159 197 897
a 197 159 897
a 160 198 805
a 198 160 805
a 160 199 1764
a 199 160 1764
a 161 198 1936
a 198 161 1936
a 162 200 955
a 200 162 955
a 163 201 933
a 201 163 933
a 163 202 1643
a 202 163 1643
a 164 203 1195
a 203 164 1195
a 164 204 825
a 204 164 825
a 165 205 2493
a 205 165 2493
a 165 206 8637
a 206 165 8637
a 166 207 910
a 207 166 910
a 167 208 2533
a 208 167 2533
a 168 179 2143
a 179 168 2143
a 168 209 1119
a 209 168 1119
a 171 210 874
a 210 171 874
a 171 211 790
a 211 171 790
a 172 211 1011
a 211 172 1011
a 172 212 794
a 212 172 794
a 173 174 1230
a 174 173 1230
a 173 213 349
a 213 173 349
a 174 214 792
a 214 174 792
a 175 176 1598
a 176 175 1598
a 176 215 2091
a 215 176 2091
a 177 178 875
a 178 177 875
a 177 216 268
a 216 177 268
a 178 217 811
a 217 178 811
a 179 218 1221
a 218 179 1221
a 180 214 1774
a 214 180 1774
a 180 219 587
a 219 180 587
a 181 220 900
a 220 181 900
a 181 221 238
a 221 181 238
a 182 220 772
a 220 182 772
a 183 220 1061
a 220 183 1061
a 183 222 697
a 222 183 697
a 184 222 1826
a 222 184 1826
a 184 223 999
a 223 184 999
a 186 224 109
a 224 186 109
a 186 225 449
a 225 186 449
a 187 226 992
a 226 187 992
a 187 227 1562
a 227 187 1562
a 188 190 810
a 190 188 810
a 188 225 461
a 225 188 461
a 190 228 1204
a 228 190 1204
a 191 228 1156
a 228 191 1156
a 191 229 739
a 229 191 739
a 192 195 559
a 195 192 559
a 192 199 745
a 199 192 745
a 194 196 2526
a 196 194 2526
a 194 230 573
a 230 194 573
a 195 231 415
a 231 195 415
a 197 203 960
a 203 197 960
a 198 229 740
a 229 198 740
a 198 232 1695
a 232 198 1695
a 199 231 1396
a 231 199 1396
a 199 232 749
a 232 199 749
a 199 233 1683
a 233 199 1683
a 200 234 1012
a 234 200 1012
a 201 235 794
a 235 201 794
a 201 236 805
a 236 201 805
a 201 237 468
a 237 201 468
a 202 234 3257
a 234 202 3257
a 203 238 912
a 238 203 912
a 204 238 1291
a 238 204 1291
a 206 239 1031
a 239 206 1031
a 206 240 2638
a 240 206 2638
a 207 241 998
a 241 207 998
a 207 242 2331
a 242 207 2331
a 208 243 9242
a 243 208 9242
a 208 244 3300
a 244 208 3300
a 209 218 2298
a 218 209 2298
a 209 245 808
a 245 209 808
a 210 246 775
a 246 210 775
a 210 247 363
a 247 210 363
a 211 248 127
a 248 211 127
a 212 249 585
a 249 212 585
a 213 250 844
a 250 213 844
a 213 251 887
a 251 213 887
a 214 252 262
a 252 214 262
a 214 253 1374
a 253 214 1374
a 215 254 7161
a 254 215 7161
a 215 255 1422
a 255 215 1422
a 217 256 534
a 256 217 534
a 217 257 751
a 257 217 751
a 217 258 1128
a 258 217 1128
a 218 259 719
a 259 218 719
a 219 260 615
a 260 219 615
a 219 261 386
a 261 219 386
a 221 261 975
a 261 221 975
a 221 262 696
a 262 221 696
a 222 262 1916
a 262 222 1916
a 222 263 719
a 263 222 719
a 223 263 1860
a 263 223 1860
a 223 264 900
a 264 223 900
a 224 225 409
a 225 224 409
a 224 265 87
a 265 224 87
a 225 266 395
a 266 225 395
a 226 267 769
a 267 226 769
a 226 268 1844
a 268 226 1844
a 227 266 1311
a 266 227 1311
a 227 269 624
a 269 227 624
a 228 269 688
a 269 228 688
a 228 270 735
a 270 228 735
a 229 270 1181
a 270 229 1181
a 229 271 1493
a 271 229 1493
a 230 272 2136
a 272 230 2136
a 230 273 1011
a 273 230 1011
a 230 274 1670
a 274 230 1670
a 230 275 534
a 275 230 534
a 231 275 1704
a 275 231 1704
a 232 271 879
a 271 232 879
a 233 271 968
a 271 233 968
a 233 276 453
a 276 233 453
a 234 277 506
a 277 234 506
a 234 278 1066
a 278 234 1066
a 236 279 1095
a 279 236 1095
a 236 280 547
a 280 236 547
a 237 281 564
a 281 237 564
a 237 282 1099
a 282 237 1099
a 238 282 774
a 282 238 774
a 239 283 1067
a 283 239 1067
a 239 284 1149
a 284 239 1149
a 240 285 1406
a 285 240 1406
a 240 286 440
a 286 240 440
a 240 287 277
a 287 240 277
a 242 288 1675
a 288 242 1675
a 242 289 419
a 289 242 419
a 242 290 4087
a 290 242 4087
a 243 291 6031
a 291 243 6031
a 245 259 2025
a 259 245 2025
a 246 292 1119
a 292 246 1119
a 247 248 1224
a 248 247 1224
a 247 293 1600
a 293 247 1600
a 248 294 1478
a 294 248 1478
a 248 295 1123
a 295 248 1123
a 249 296 602
a 296 249 602
a 249 297 1071
a 297 249 1071
a 250 297 559
a 297 250 559
a 250 298 400
a 298 250 400
a 252 260 1514
a 260 252 1514
a 252 299 638
a 299 252 638
a 253 298 63
a 298 253 63
a 254 300 1629
a 300 254 1629
a 254 301 3945
a 301 254 3945
a 254 302 938
a 302 254 938
a 255 303 687
a 303 255 687
a 257 304 1635
a 304 257 1635
a 259 305 680
a 305 259 680
a 260 306 801
a 306 260 801
a 260 307 2242
a 307 260 2242
a 261 262 1369
a 262 261 1369
a 262 307 761
a 307 262 761
a 263 307 1886
a 307 263 1886
a 263 308 813
a 308 263 813
a 264 308 1826
a 308 264 1826
a 264 309 867
a 309 264 867
a 265 266 27
a 266 265 27
a 267 310 755
a 310 267 755
a 267 311 2791
a 311 267 2791
a 268 269 1186
a 269 268 1186
a 268 312 1337
a 312 268 1337
a 269 313 1836
a 313 269 1836
a 270 314 1286
a 314 270 1286
a 271 314 1097
a 314 271 1097
a 272 315 1443
a 315 272 1443
a 272 316 315
a 316 272 315
a 273 315 729
a 315 273 729
a 273 317 862
a 317 273 862
a 274 317 754
a 317 274 754
a 274 318 1108
a 318 274 1108
a 274 319 669
a 319 274 669
a 275 320 385
a 320 275 385
a 276 321 3969
a 321 276 3969
a 276 322 465
a 322 276 465
a 277 323 967
a 323 277 967
a 277 324 1471
a 324 277 1471
a 278 325 867
a 325 278 867
a 278 326 1985
a 326 278 1985
a 278 327 742
a 327 278 742
a 279 328 214
a 328 279 214
a 279 329 351
a 329 279 351
a 280 281 770
a 281 280 770
a 280 330 536
a 330 280 536
a 281 331 1383
a 331 281 1383
a 281 332 767
a 332 281 767
a 282 333 395
a 333 282 395
a 283 334 1155
a 334 283 1155
a 284 287 1975
a 287 284 1975
a 284 335 750
a 335 284 750
a 285 336 366
a 336 285 366
a 285 337 460
a 337 285 460
a 287 338 697
a 338 287 697
a 288 339 1164
a 339 288 1164
a 289 340 1820
a 340 289 1820
a 289 341 529
a 341 289 529
a 290 342 1014
a 342 290 1014
a 290 343 1459
a 343 290 1459
a 291 344 286
a 344 291 286
a 291 345 465
a 345 291 465
a 292 303 501
a 303 292 501
a 292 346 183
a 346 292 183
a 293 294 1370
a 294 293 1370
a 293 347 2239
a 347 293 2239
a 294 295 859
a 295 294 859
a 295 296 1624
a 296 295 1624
a 296 348 987
a 348 296 987
a 297 348 679
a 348 297 679
a 297 349 1502
a 349 297 1502
a 298 299 1062
a 299 298 1062
a 299 306 1510
a 306 299 1510
a 299 349 638
a 349 299 638
a 300 350 2231
a 350 300 2231
a 301 343 963
a 343 301 963
a 301 351 1165
a 351 301 1165
a 302 352 881
a 352 302 881
a 302 353 1499
a 353 302 1499
a 306 354 688
a 354 306 688
a 306 355 2374
a 355 306 2374
a 307 356 870
a 356 307 870
a 308 356 1877
a 356 308 1877
a 308 357 750
a 357 308 750
a 309 357 1565
a 357 309 1565
a 309 358 736
a 358 309 736
a 310 359 882
a 359 310 882
a 310 360 1967
a 360 310 1967
a 311 312 785
a 312 311 785
a 311 360 997
a 360 311 997
a 312 313 564
a 313 312 564
a 313 314 808
a 314 313 808
a 315 333 289
a 333 315 289
a 317 361 751
a 361 317 751
a 317 362 1137
a 362 317 1137
a 318 362 774
a 362 318 774
a 318 363 1375
a 363 318 1375
a 318 364 689
a 364 318 689
a 319 364 1144
a 364 319 1144
a 319 365 478
a 365 319 478
a 320 365 1627
a 365 320 1627
a 320 366 289
a 366 320 289
a 321 367 2590
a 367 321 2590
a 321 368 984
a 368 321 984
a 322 369 743
a 369 322 743
a 322 370 1780
a 370 322 1780
a 322 371 903
a 371 322 903
a 324 326 947
a 326 324 947
a 324 372 707
a 372 324 707
a 325 328 1260
a 328 325 1260
a 325 373 1333
a 373 325 1333
a 326 374 851
a 374 326 851
a 327 374 1944
a 374 327 1944
a 327 375 828
a 375 327 828
a 328 330 1353
a 330 328 1353
a 330 376 718
a 376 330 718
a 331 332 1389
a 332 331 1389
a 331 377 613
a 377 331 613
a 331 378 827
a 378 331 827
a 332 361 1091
a 361 332 1091
a 332 362 782
a 362 332 782
a 333 361 325
a 361 333 325
a 334 379 2612
a 379 334 2612
a 334 380 849
a 380 334 849
a 334 381 842
a 381 334 842
a 335 338 1917
a 338 335 1917
a 335 379 1008
a 379 335 1008
a 335 382 693
a 382 335 693
a 336 383 1889
a 383 336 1889
a 337 384 1916
a 384 337 1916
a 337 385 386
a 385 337 386
a 338 385 1499
a 385 338 1499
a 338 386 1011
a 386 338 1011
a 339 387 556
a 387 339 556
a 341 388 3504
a 388 341 3504
a 341 389 1212
a 389 341 1212
a 342 390 846
a 390 342 846
a 342 391 827
a 391 342 827
a 343 392 1200
a 392 343 1200
a 344 393 725
a 393 344 725
a 345 394 1300
a 394 345 1300
a 345 395 2173
a 395 345 2173
a 346 396 536
a 396 346 536
a 347 397 112
a 397 347 112
a 347 398 640
a 398 347 640
a 348 399 1493
a 399 348 1493
a 349 354 1537
a 354 349 1537
a 349 399 663
a 399 349 663
a 350 400 1030
a 400 350 1030
a 350 401 219
a 401 350 219
a 351 402 1590
a 402 351 1590
a 351 403 538
a 403 351 538
a 352 404 1103
a 404 352 1103
a 352 405 1627
a 405 352 1627
a 354 406 727
a 406 354 727
a 354 407 2019
a 407 354 2019
a 355 356 465
a 356 355 465
a 355 407 856
a 407 355 856
a 355 408 441
a 408 355 441
a 357 409 1488
a 409 357 1488
a 357 410 774
a 410 357 774
a 358 410 1398
a 410 358 1398
a 358 411 2296
a 411 358 2296
a 359 367 1106
a 367 359 1106
a 359 412 804
a 412 359 804
a 360 367 1009
a 367 360 1009
a 360 413 1093
a 413 360 1093
a 362 378 1331
a 378 362 1331
a 363 378 745
a 378 363 745
a 363 414 605
a 414 363 605
a 363 415 768
a 415 363 768
a 364 415 1299
a 415 364 1299
a 364 416 664
a 416 364 664
a 365 416 1216
a 416 365 1216
a 365 417 345
a 417 365 345
a 366 418 223
a 418 366 223
a 367 419 711
a 419 367 711
a 368 419 2410
a 419 368 2410
a 368 420 668
a 420 368 668
a 368 421 588
a 421 368 588
a 369 422 776
a 422 369 776
a 369 423 1828
a 423 369 1828
a 370 423 776
a 423 370 776
a 370 424 969
a 424 370 969
a 370 425 1561
a 425 370 1561
a 371 424 1840
a 424 371 1840
a 371 426 697
a 426 371 697
a 373 375 588
a 375 373 588
a 373 376 802
a 376 373 802
a 374 427 873
a 427 374 873
a 375 427 1813
a 427 375 1813
a 376 427 2614
a 427 376 2614
a 377 414 1205
a 414 377 1205
a 377 428 789
a 428 377 789
a 379 386 1880
a 386 379 1880
a 379 429 733
a 429 379 733
a 380 430 2237
a 430 380 2237
a 380 431 623
a 431 380 623
a 381 432 1639
a 432 381 1639
a 381 433 841
a 433 381 841
a 383 384 549
a 384 383 549
a 383 434 756
a 434 383 756
a 384 435 909
a 435 384 909
a 385 436 428
a 436 385 428
a 386 437 623
a 437 386 623
a 386 438 752
a 438 386 752
a 387 439 1066
a 439 387 1066
a 388 440 485
a 440 388 485
a 388 441 1270
a 441 388 1270
a 389 442 1022
a 442 389 1022
a 389 443 1081
a 443 389 1081
a 390 444 934
a 444 390 934
a 390 445 816
a 445 390 816
a 390 446 930
a 446 390 930
a 392 403 578
a 403 392 578
a 392 447 855
a 447 392 855
a 392 448 172
a 448 392 172
a 393 449 2187
a 449 393 2187
a 393 450 316
a 450 393 316
a 394 451 785
a 451 394 785
a 394 452 1190
a 452 394 1190
a 394 453 717
a 453 394 717
a 395 453 858
a 453 395 858
a 395 454 989
a 454 395 989
a 397 455 535
a 455 397 535
a 398 456 638
a 456 398 638
a 398 457 460
a 457 398 460
a 399 406 1534
a 406 399 1534
a 400 405 1770
a 405 400 1770
a 400 458 428
a 458 400 428
a 401 459 1022
a 459 401 1022
a 402 460 768
a 460 402 768
a 403 461 355
a 461 403 355
a 404 462 537
a 462 404 537
a 404 463 329
a 463 404 329
a 405 464 425
a 464 405 425
a 406 465 508
a 465 406 508
a 407 466 863
a 466 407 863
a 407 467 1321
a 467 407 1321
a 409 410 1621
a 410 409 1621
a 409 467 884
a 467 409 884
a 409 468 507
a 468 409 507
a 410 469 476
a 469 410 476
a 411 470 692
a 470 411 692
a 411 471 628
a 471 411 628
a 412 419 427
a 419 412 427
a 412 471 1231
a 471 412 1231
a 412 472 722
a 472 412 722
a 414 473 757
a 473 414 757
a 414 474 1793
a 474 414 1793
a 415 475 823
a 475 415 823
a 416 475 1446
a 475 416 1446
a 416 476 241
a 476 416 241
a 417 477 135
a 477 417 135
a 418 477 1692
a 477 418 1692
a 418 478 1113
a 478 418 1113
a 418 479 742
a 479 418 742
a 420 480 392
a 480 420 392
a 420 481 7
a 481 420 7
a 421 482 724
a 482 421 724
a 421 483 1188
a 483 421 1188
a 422 484 1339
a 484 422 1339
a 422 485 1852
a 485 422 1852
a 423 485 806
a 485 423 806
a 423 486 1531
a 486 423 1531
a 424 487 781
a 487 424 781
a 424 488 1523
a 488 424 1523
a 425 486 797
a 486 425 797
a 425 488 989
a 488 425 989
a 425 489 836
a 489 425 836
a 426 487 1686
a 487 426 1686
a 426 490 991
a 490 426 991
a 427 491 894
a 491 427 894
a 428 473 1058
a 473 428 1058
a 428 492 705
a 492 428 705
a 429 438 1862
a 438 429 1862
a 429 493 897
a 493 429 897
a 430 493 456
a 493 430 456
a 430 494 1111
a 494 430 1111
a 431 432 789
a 432 431 789
a 431 495 884
a 495 431 884
a 432 496 1287
a 496 432 1287
a 432 497 759
a 497 432 759
a 433 497 1957
a 497 433 1957
a 433 498 902
a 498 433 902
a 434 499 853
a 499 434 853
a 434 500 1623
a 500 434 1623
a 435 436 1570
a 436 435 1570
a 435 501 901
a 501 435 901
a 436 502 586
a 502 436 586
a 437 503 724
a 503 437 724
a 437 504 2365
a 504 437 2365
a 438 505 902
a 505 438 902
a 439 506 676
a 506 439 676
a 440 507 1158
a 507 440 1158
a 440 508 842
a 508 440 842
a 441 509 1720
a 509 441 1720
a 441 510 720
a 510 441 720
a 442 443 237
a 443 442 237
a 442 510 1275
a 510 442 1275
a 443 511 609
a 511 443 609
a 444 447 453
a 447 444 453
a 444 448 762
a 448 444 762
a 444 512 2860
a 512 444 2860
a 445 513 819
a 513 445 819
a 445 514 1002
a 514 445 1002
a 447 515 438
a 515 447 438
a 449 451 732
a 451 449 732
a 449 516 1173
a 516 449 1173
a 449 517 602
a 517 449 602
a 450 518 400
a 518 450 400
a 451 519 1195
a 519 451 1195
a 452 519 930
a 519 452 930
a 452 520 1394
a 520 452 1394
a 452 521 657
a 521 452 657
a 453 522 476
a 522 453 476
a 454 521 898
a 521 454 898
a 454 523 733
a 523 454 733
a 454 524 857
a 524 454 857
a 455 456 1164
a 456 455 1164
a 465 466 1403
a 466 465 1403
a 469 470 1760
a 470 469 1760
a 472 480 1964
a 480 472 1964
a 474 475 529
a 475 474 529
a 478 490 856
a 490 478 856
a 483 484 750
a 484 483 750
a 491 492 588
a 492 491 588
a 493 505 1754
a 505 493 1754
a 502 503 153
a 503 502 153
a 516 519 696
a 519 516 696
a 517 518 2626
a 518 517 2626
