c In this file, the DIMACS format is extended by allowing arcs of infinite weight.
c These are specified by "a U V inf", where U and V are vertex IDs.
p sp 524 1184
a 1 2 722
a 2 1 722
a 2 3 445
a 3 2 445
a 2 4 883
a 4 2 883
a 3 5 1259
a 5 3 1259
a 3 6 1706
a 6 3 1706
a 4 7 748
a 7 4 748
a 4 8 1368
a 8 4 1368
a 5 9 1163
a 9 5 1163
a 5 10 407
a 10 5 407
a 6 10 360
a 10 6 360
a 6 11 887
a 11 6 887
a 7 12 740
a 12 7 740
a 7 13 1115
a 13 7 1115
a 8 14 915
a 14 8 915
a 8 15 780
a 15 8 780
a 9 16 2894
a 16 9 2894
a 9 17 3524
a 17 9 3524
a 10 18 2663
a 18 10 2663
a 14 15 838
a 15 14 838
a 14 19 554
a 19 14 554
a 15 20 527
a 20 15 527
a 16 18 1061
a 18 16 1061
a 16 21 3913
a 21 16 3913
a 18 22 1018
a 22 18 1018
a 21 23 2139
a 23 21 2139
a 22 24 1988
a 24 22 1988
a 22 25 2096
a 25 22 2096
a 23 26 3626
a 26 23 3626
a 24 27 1625
a 27 24 1625
a 24 28 610
a 28 24 610
a 25 29 3317
a 29 25 3317
a 26 30 1668
a 30 26 1668
a 26 31 736
a 31 26 736
a 27 32 3740
a 32 27 3740
a 27 33 555
a 33 27 555
a 28 34 1087
a 34 28 1087
a 29 35 2488
a 35 29 2488
a 29 36 579
a 36 29 579
a 30 37 3146
a 37 30 3146
a 30 38 587
a 38 30 587
a 31 39 811
a 39 31 811
a 32 40 1565
a 40 32 1565
a 33 41 770
a 41 33 770
a 33 42 2300
a 42 33 2300
a 34 42 1198
a 42 34 1198
a 34 43 950
a 43 34 950
a 35 44 1147
a 44 35 1147
a 35 45 1605
a 45 35 1605
a 36 46 2217
a 46 36 2217
a 37 47 4075
a 47 37 4075
a 37 48 3800
a 48 37 3800
a 37 49 1358
a 49 37 1358
a 38 50 722
a 50 38 722
a 38 51 309
a 51 38 309
a 39 52 1932
a 52 39 1932
a 40 53 1959
a 53 40 1959
a 40 54 7333
a 54 40 7333
a 42 55 1508
a 55 42 1508
a 44 56 3857
a 56 44 3857
a 44 57 663
a 57 44 663
a 45 58 839
a 58 45 839
a 45 59 1890
a 59 45 1890
a 46 60 692
a 60 46 692
a 47 61 1891
a 61 47 1891
a 48 62 1484
a 62 48 1484
a 48 63 779
a 63 48 779
a 49 64 707
a 64 49 707
a 49 65 765
a 65 49 765
a 50 66 482
a 66 50 482
a 51 67 789
a 67 51 789
a 51 68 1311
a 68 51 1311
a 52 69 5447
a 69 52 5447
a 53 70 2335
a 70 53 2335
a 54 71 2459
a 71 54 2459
a 54 72 1108
a 72 54 1108
a 55 73 753
a 73 55 753
a 55 74 408
a 74 55 408
a 56 75 1194
a 75 56 1194
a 56 76 1084
a 76 56 1084
a 56 77 1495
a 77 56 1495
a 57 58 1082
a 58 57 1082
a 57 78 832
a 78 57 832
a 58 79 494
a 79 58 494
a 61 80 1539
a 80 61 1539
a 61 81 4433
a 81 61 4433
a 62 82 2783
a 82 62 2783
a 62 83 793
a 83 62 793
a 63 84 1080
a 84 63 1080
a 63 85 1139
a 85 63 1139
a 64 86 1612
a 86 64 1612
a 65 87 1594
a 87 65 1594
a 65 88 1564
a 88 65 1564
a 67 89 1175
a 89 67 1175
a 69 90 4528
a 90 69 4528
a 69 91 1493
a 91 69 1493
a 69 92 1526
a 92 69 1526
a 70 93 4910
a 93 70 4910
a 70 94 793
a 94 70 793
a 71 95 838
a 95 71 838
a 71 96 3096
a 96 71 3096
a 75 97 900
a 97 75 900
a 76 98 1444
a 98 76 1444
a 76 99 1660
a 99 76 1660
a 77 100 1002
a 100 77 1002
a 77 101 1935
a 101 77 1935
a 77 102 4289
a 102 77 4289
a 80 103 423
a 103 80 423
a 81 104 1980
a 104 81 1980
a 82 105 2810
a 105 82 2810
a 83 106 1440
a 106 83 1440
a 83 107 1540
a 107 83 1540
a 84 108 668
a 108 84 668
a 84 109 420
a 109 84 420
a 85 110 646
a 110 85 646
a 86 111 1073
a 111 86 1073
a 86 112 1068
a 112 86 1068
a 87 113 743
a 113 87 743
a 88 114 937
a 114 88 937
a 88 115 1461
a 115 88 1461
a 89 116 947
a 116 89 947
a 89 117 651
a 117 89 651
a 89 118 1401
a 118 89 1401
a 90 119 4127
a 119 90 4127
a 90 120 668
a 120 90 668
a 90 121 2802
a 121 90 2802
a 93 122 725
a 122 93 725
a 94 123 937
a 123 94 937
a 94 124 887
a 124 94 887
a 95 125 1809
a 125 95 1809
a 95 126 522
a 126 95 522
a 96 127 1401
a 127 96 1401
a 97 101 985
a 101 97 985
a 97 128 174
a 128 97 174
a 98 129 280
a 129 98 280
a 98 130 1473
a 130 98 1473
a 100 131 1185
a 131 100 1185
a 100 132 2712
a 132 100 2712
a 101 133 129
a 133 101 129
a 103 134 1040
a 134 103 1040
a 104 135 520
a 135 104 520
a 104 136 1334
a 136 104 1334
a 104 137 1696
a 137 104 1696
a 105 138 1357
a 138 105 1357
a 106 139 885
a 139 106 885
a 106 140 1149
a 140 106 1149
a 107 140 1476
a 140 107 1476
a 107 141 1189
a 141 107 1189
a 109 110 2155
a 110 109 2155
a 109 142 1179
a 142 109 1179
a 110 143 647
a 143 110 647
a 111 144 810
a 144 111 810
a 111 145 188
a 145 111 188
a 112 146 580
a 146 112 580
a 112 147 2108
a 147 112 2108
a 115 148 586
a 148 115 586
a 115 149 1039
a 149 115 1039
a 116 150 83
a 150 116 83
a 118 151 941
a 151 118 941
a 118 152 874
a 152 118 874
a 119 153 617
a 153 119 617
a 119 154 2338
a 154 119 2338
a 120 155 548
a 155 120 548
a 121 156 10106
a 156 121 10106
a 121 157 11078
a 157 121 11078
a 122 158 391
a 158 122 391
a 122 159 1029
a 159 122 1029
a 123 160 970
a 160 123 970
a 123 161 579
a 161 123 579
a 125 162 336
a 162 125 336
a 126 163 2244
a 163 126 2244
a 126 164 1204
a 164 126 1204
a 127 131 4032
a 131 127 4032
a 127 165 1597
a 165 127 1597
a 128 166 1852
a 166 128 1852
a 129 167 1047
a 167 129 1047
a 131 168 1927
a 168 131 1927
a 132 169 366
a 169 132 366
a 132 170 586
a 170 132 586
a 132 171 302
a 171 132 302
a 133 172 836
a 172 133 836
a 134 173 445
a 173 134 445
a 134 174 94
a 174 134 94
a 135 175 1022
a 175 135 1022
a 136 176 1234
a 176 136 1234
a 136 177 931
a 177 136 931
a 137 178 1983
a 178 137 1983
a 137 179 907
a 179 137 907
a 138 180 3783
a 180 138 3783
a 140 181 1434
a 181 140 1434
a 141 181 1358
a 181 141 1358
a 141 182 1077
a 182 141 1077
a 142 183 1183
a 183 142 1183
a 142 184 1586
a 184 142 1586
a 144 185 304
a 185 144 304
a 144 186 609
a 186 144 609
a 145 187 154
a 187 145 154
a 145 188 310
a 188 145 310
a 145 189 325
a 189 145 325
a 146 190 166
a 190 146 166
a 146 191 490
a 191 146 490
a 147 192 629
a 192 147 629
a 147 193 3372
a 193 147 3372
a 148 194 412
a 194 148 412
a 148 195 833
a 195 148 833
a 149 196 326
a 196 149 326
a 151 197 182
a 197 151 182
a 151 198 542
a 198 151 542
a 152 199 1222
a 199 152 1222
a 152 200 669
a 200 152 669
a 153 201 990
a 201 153 990
a 154 202 1608
a 202 154 1608
a 154 203 1334
a 203 154 1334
a 155 204 2835
a 204 155 2835
a 155 205 2161
a 205 155 2161
a 156 206 6400
a 206 156 6400
a 157 207 812
a 207 157 812
a 158 208 813
a 208 158 813
a 158 209 3585
a 209 158 3585
a 159 210 3259
a 210 159 3259
a 159 211 848
a 211 159 848
a 160 212 1095
a 212 160 1095
a 162 213 753
a 213 162 753
a 162 214 1438
a 214 162 1438
a 164 215 3549
a 215 164 3549
a 164 216 2291
a 216 164 2291
a 165 217 623
a 217 165 623
a 165 218 809
a 218 165 809
a 166 219 2351
a 219 166 2351
a 166 220 893
a 220 166 893
a 167 221 572
a 221 167 572
a 167 222 862
a 222 167 862
a 168 223 182
a 223 168 182
a 168 224 1079
a 224 168 1079
a 169 225 66
a 225 169 66
a 173 174 434
a 174 173 434
a 173 226 607
a 226 173 607
a 173 227 279
a 227 173 279
a 174 226 425
a 226 174 425
a 174 228 1158
a 228 174 1158
a 175 229 1016
a 229 175 1016
a 176 230 1443
a 230 176 1443
a 176 231 1114
a 231 176 1114
a 178 232 1235
a 232 178 1235
a 178 233 1312
a 233 178 1312
a 179 234 1689
a 234 179 1689
a 180 235 1208
a 235 180 1208
a 181 236 956
a 236 181 956
a 182 236 1561
a 236 182 1561
a 182 237 2248
a 237 182 2248
a 183 238 1346
a 238 183 1346
a 183 239 298
a 239 183 298
a 185 240 216
a 240 185 216
a 185 241 412
a 241 185 412
a 190 242 635
a 242 190 635
a 192 243 838
a 243 192 838
a 193 244 836
a 244 193 836
a 193 245 1963
a 245 193 1963
a 194 246 1174
a 246 194 1174
a 194 247 926
a 247 194 926
a 195 248 125
a 248 195 125
a 199 249 1178
a 249 199 1178
a 199 250 754
a 250 199 754
a 200 251 458
a 251 200 458
a 201 252 1852
a 252 201 1852
a 202 253 1189
a 253 202 1189
a 202 254 860
a 254 202 860
a 203 255 2519
a 255 203 2519
a 203 256 1336
a 256 203 1336
a 204 257 495
a 257 204 495
a 205 258 2202
a 258 205 2202
a 205 259 1427
a 259 205 1427
a 207 260 8110
a 260 207 8110
a 207 261 1139
a 261 207 1139
a 208 262 321
a 262 208 321
a 208 263 1578
a 263 208 1578
a 209 264 1225
a 264 209 1225
a 209 265 2433
a 265 209 2433
a 210 266 1475
a 266 210 1475
a 210 267 2798
a 267 210 2798
a 213 214 1084
a 214 213 1084
a 213 268 4018
a 268 213 4018
a 214 269 1945
a 269 214 1945
a 215 270 10590
a 270 215 10590
a 215 271 2156
a 271 215 2156
a 215 272 1252
a 272 215 1252
a 218 273 520
a 273 218 520
a 218 274 2160
a 274 218 2160
a 219 275 2427
a 275 219 2427
a 219 276 1752
a 276 219 1752
a 220 277 2652
a 277 220 2652
a 220 278 374
a 278 220 374
a 221 279 2447
a 279 221 2447
a 221 280 2258
a 280 221 2258
a 223 281 1384
a 281 223 1384
a 224 282 884
a 282 224 884
a 224 283 1103
a 283 224 1103
a 225 284 2566
a 284 225 2566
a 226 285 508
a 285 226 508
a 227 286 452
a 286 227 452
a 228 287 672
a 287 228 672
a 229 288 1124
a 288 229 1124
a 229 289 508
a 289 229 508
a 229 290 2894
a 290 229 2894
a 231 291 672
a 291 231 672
a 231 292 770
a 292 231 770
a 233 293 202
a 293 233 202
a 234 244 1513
a 244 234 1513
a 235 294 1010
a 294 235 1010
a 236 295 1232
a 295 236 1232
a 237 296 1741
a 296 237 1741
a 237 297 405
a 297 237 405
a 240 298 241
a 298 240 241
a 240 299 416
a 299 240 416
a 240 300 498
a 300 240 498
a 241 299 284
a 299 241 284
a 241 301 581
a 301 241 581
a 242 301 525
a 301 242 525
a 243 302 633
a 302 243 633
a 244 303 766
a 303 244 766
a 245 254 681
a 254 245 681
a 245 304 941
a 304 245 941
a 247 250 1097
a 250 247 1097
a 247 305 925
a 305 247 925
a 249 306 682
a 306 249 682
a 250 307 1415
a 307 250 1415
a 251 308 427
a 308 251 427
a 252 309 1133
a 309 252 1133
a 253 310 1741
a 310 253 1741
a 253 311 1332
a 311 253 1332
a 254 312 1236
a 312 254 1236
a 255 313 812
a 313 255 812
a 255 314 539
a 314 255 539
a 256 315 848
a 315 256 848
a 256 316 1824
a 316 256 1824
a 257 258 1550
a 258 257 1550
a 257 317 2203
a 317 257 2203
a 258 318 3179
a 318 258 3179
a 260 319 2872
a 319 260 2872
a 260 320 4090
a 320 260 4090
a 260 321 1347
a 321 260 1347
a 261 322 2732
a 322 261 2732
a 261 323 588
a 323 261 588
a 262 324 1196
a 324 262 1196
a 262 325 1653
a 325 262 1653
a 264 326 3262
a 326 264 3262
a 264 327 1949
a 327 264 1949
a 265 268 1088
a 268 265 1088
a 265 328 1162
a 328 265 1162
a 266 329 1360
a 329 266 1360
a 266 330 834
a 330 266 834
a 267 330 1690
a 330 267 1690
a 267 331 2644
a 331 267 2644
a 268 327 1414
a 327 268 1414
a 269 332 981
a 332 269 981
a 269 333 1529
a 333 269 1529
a 270 327 677
a 327 270 677
a 270 334 1279
a 334 270 1279
a 271 272 2672
a 272 271 2672
a 271 335 3091
a 335 271 3091
a 272 336 2203
a 336 272 2203
a 274 336 3476
a 336 274 3476
a 274 337 3126
a 337 274 3126
a 275 338 672
a 338 275 672
a 275 339 76
a 339 275 76
a 276 340 3163
a 340 276 3163
a 276 341 1505
a 341 276 1505
a 276 342 848
a 342 276 848
a 277 343 2294
a 343 277 2294
a 277 344 1344
a 344 277 1344
a 278 344 3266
a 344 278 3266
a 278 345 633
a 345 278 633
a 279 346 2520
a 346 279 2520
a 279 347 1560
a 347 279 1560
a 280 348 1068
a 348 280 1068
a 280 349 1268
a 349 280 1268
a 280 350 1241
a 350 280 1241
a 281 339 1539
a 339 281 1539
a 281 351 1216
a 351 281 1216
a 284 352 550
a 352 284 550
a 285 353 677
a 353 285 677
a 286 354 452
a 354 286 452
a 287 355 688
a 355 287 688
a 288 356 782
a 356 288 782
a 289 357 1022
a 357 289 1022
a 290 358 667
a 358 290 667
a 291 359 1683
a 359 291 1683
a 291 360 889
a 360 291 889
a 293 361 356
a 361 293 356
a 293 362 654
a 362 293 654
a 294 363 8712
a 363 294 8712
a 294 364 1127
a 364 294 1127
a 294 365 7338
a 365 294 7338
a 295 366 611
a 366 295 611
a 295 367 478
a 367 295 478
a 296 367 3655
a 367 296 3655
a 296 368 989
a 368 296 989
a 301 369 387
a 369 301 387
a 302 370 782
a 370 302 782
a 303 371 1434
a 371 303 1434
a 303 372 827
a 372 303 827
a 304 373 2353
a 373 304 2353
a 304 374 708
a 374 304 708
a 305 375 871
a 375 305 871
a 305 376 465
a 376 305 465
a 306 377 772
a 377 306 772
a 306 378 850
a 378 306 850
a 307 379 192
a 379 307 192
a 309 380 791
a 380 309 791
a 310 381 2299
a 381 310 2299
a 310 382 1234
a 382 310 1234
a 311 313 582
a 313 311 582
a 313 383 1691
a 383 313 1691
a 314 315 559
a 315 314 559
a 314 384 1396
a 384 314 1396
a 315 385 2333
a 385 315 2333
a 316 386 1969
a 386 316 1969
a 317 387 1242
a 387 317 1242
a 317 388 214
a 388 317 214
a 318 389 1810
a 389 318 1810
a 318 390 1874
a 390 318 1874
a 319 391 140
a 391 319 140
a 320 392 1358
a 392 320 1358
a 321 393 1729
a 393 321 1729
a 322 323 2215
a 323 322 2215
a 322 394 202
a 394 322 202
a 323 395 1070
a 395 323 1070
a 324 326 824
a 326 324 824
a 324 396 1583
a 396 324 1583
a 326 397 3252
a 397 326 3252
a 328 332 2679
a 332 328 2679
a 330 398 666
a 398 330 666
a 331 365 728
a 365 331 728
a 331 399 936
a 399 331 936
a 332 400 1358
a 400 332 1358
a 334 401 14
a 401 334 14
a 335 402 255
a 402 335 255
a 335 403 2353
a 403 335 2353
a 336 404 690
a 404 336 690
a 336 405 3059
a 405 336 3059
a 337 406 2072
a 406 337 2072
a 337 407 422
a 407 337 422
a 337 408 828
a 408 337 828
a 338 341 3237
a 341 338 3237
a 338 409 2508
a 409 338 2508
a 339 351 2087
a 351 339 2087
a 340 410 421
a 410 340 421
a 341 411 2224
a 411 341 2224
a 342 412 1162
a 412 342 1162
a 342 413 630
a 413 342 630
a 344 414 1279
a 414 344 1279
a 345 414 3616
a 414 345 3616
a 345 415 1394
a 415 345 1394
a 346 416 2425
a 416 346 2425
a 346 417 846
a 417 346 846
a 347 418 3494
a 418 347 3494
a 347 419 945
a 419 347 945
a 351 420 309
a 420 351 309
a 352 421 926
a 421 352 926
a 352 422 814
a 422 352 814
a 352 423 735
a 423 352 735
a 353 424 603
a 424 353 603
a 354 425 2347
a 425 354 2347
a 355 356 1248
a 356 355 1248
a 357 426 2101
a 426 357 2101
a 357 427 2262
a 427 357 2262
a 357 428 562
a 428 357 562
a 358 429 3557
a 429 358 3557
a 359 360 1359
a 360 359 1359
a 359 430 476
a 430 359 476
a 360 431 1222
a 431 360 1222
a 361 432 978
a 432 361 978
a 362 433 340
a 433 362 340
a 363 434 2115
a 434 363 2115
a 363 435 1592
a 435 363 1592
a 363 436 2057
a 436 363 2057
a 364 437 9844
a 437 364 9844
a 365 438 712
a 438 365 712
a 367 439 712
a 439 367 712
a 368 439 3715
a 439 368 3715
a 368 440 405
a 440 368 405
a 370 441 1559
a 441 370 1559
a 371 442 409
a 442 371 409
a 372 443 1352
a 443 372 1352
a 372 444 598
a 444 372 598
a 373 374 1660
a 374 373 1660
a 373 441 1133
a 441 373 1133
a 374 445 1337
a 445 374 1337
a 375 446 300
a 446 375 300
a 375 447 304
a 447 375 304
a 376 380 924
a 380 376 924
a 376 448 1413
a 448 376 1413
a 379 449 211
a 449 379 211
a 379 450 185
a 450 379 185
a 380 451 631
a 451 380 631
a 381 452 513
a 452 381 513
a 381 453 554
a 453 381 554
a 382 383 925
a 383 382 925
a 382 454 875
a 454 382 875
a 383 455 734
a 455 383 734
a 384 456 419
a 456 384 419
a 384 457 713
a 457 384 713
a 385 386 855
a 386 385 855
a 385 457 1270
a 457 385 1270
a 386 458 672
a 458 386 672
a 387 389 676
a 389 387 676
a 387 459 77
a 459 387 77
a 388 460 475
a 460 388 475
a 389 461 1225
a 461 389 1225
a 391 462 1259
a 462 391 1259
a 392 418 2234
a 418 392 2234
a 393 463 1359
a 463 393 1359
a 393 464 1816
a 464 393 1816
a 394 465 4159
a 465 394 4159
a 394 466 1286
a 466 394 1286
a 395 466 2137
a 466 395 2137
a 395 467 1335
a 467 395 1335
a 397 399 1023
a 399 397 1023
a 397 468 819
a 468 397 819
a 399 469 856
a 469 399 856
a 401 403 7118
a 403 401 7118
a 402 470 508
a 470 402 508
a 402 471 1776
a 471 402 1776
a 403 472 1690
a 472 403 1690
a 404 473 624
a 473 404 624
a 404 474 507
a 474 404 507
a 405 475 469
a 475 405 469
a 405 476 2477
a 476 405 2477
a 406 477 757
a 477 406 757
a 407 478 812
a 478 407 812
a 409 479 419
a 479 409 419
a 409 480 475
a 480 409 475
a 410 481 1004
a 481 410 1004
a 411 480 2430
a 480 411 2430
a 411 482 1039
a 482 411 1039
a 412 483 1397
a 483 412 1397
a 412 484 539
a 484 412 539
a 413 484 1715
a 484 413 1715
a 413 485 856
a 485 413 856
a 414 486 882
a 486 414 882
a 415 483 512
a 483 415 512
a 415 486 3938
a 486 415 3938
a 416 487 490
a 487 416 490
a 416 488 764
a 488 416 764
a 417 489 1314
a 489 417 1314
a 417 490 1044
a 490 417 1044
a 418 491 1758
a 491 418 1758
a 419 492 2163
a 492 419 2163
a 419 493 1312
a 493 419 1312
a 419 494 754
a 494 419 754
a 421 495 986
a 495 421 986
a 421 496 910
a 496 421 910
a 421 497 848
a 497 421 848
a 424 498 2454
a 498 424 2454
a 424 499 2549
a 499 424 2549
a 425 500 1234
a 500 425 1234
a 426 501 1122
a 501 426 1122
a 427 502 649
a 502 427 649
a 429 503 374
a 503 429 374
a 430 431 1360
a 431 430 1360
a 431 504 556
a 504 431 556
a 432 505 1402
a 505 432 1402
a 432 506 853
a 506 432 853
a 434 507 3736
a 507 434 3736
a 434 508 3773
a 508 434 3773
a 435 509 568
a 509 435 568
a 435 510 1454
a 510 435 1454
a 436 510 4190
a 510 436 4190
a 436 511 2691
a 511 436 2691
a 437 512 6055
a 512 437 6055
a 437 513 7241
a 513 437 7241
a 437 514 562
a 514 437 562
a 438 511 1543
a 511 438 1543
a 438 515 3065
a 515 438 3065
a 439 516 1308
a 516 439 1308
a 440 517 1257
a 517 440 1257
a 441 451 971
a 451 441 971
a 443 452 1746
a 452 443 1746
a 443 518 1237
a 518 443 1237
a 448 519 407
a 519 448 407
a 448 520 181
a 520 448 181
a 451 521 1415
a 521 451 1415
a 452 522 1567
a 522 452 1567
a 453 523 2370
a 523 453 2370
a 453 524 1608
a 524 453 1608
a 466 467 802
a 467 466 802
a 468 469 1001
a 469 468 1001
a 499 502 354
a 502 499 354
a 500 516 1039
a 516 500 1039
a 505 506 1694
a 506 505 1694
a 505 523 782
a 523 505 782
a 508 513 3530
a 513 508 3530
a 516 517 2430
a 517 516 2430
