c In this file, the DIMACS format is extended by allowing arcs of infinite weight.
c These are specified by "a U V inf", where U and V are vertex IDs.
p sp 655 1768
a 1 2 653
a 2 1 653
a 1 3 844
a 3 1 844
a 2 4 526
a 4 2 526
a 2 5 804
a 5 2 804
a 2 6 558
a 6 2 558
a 3 7 612
a 7 3 612
a 3 8 1022
a 8 3 1022
a 3 9 2816
a 9 3 2816
a 4 5 1060
a 5 4 1060
a 4 10 1032
a 10 4 1032
a 5 11 1405
a 11 5 1405
a 5 12 1732
a 12 5 1732
a 6 8 709
a 8 6 709
a 7 13 373
a 13 7 373
a 8 14 985
a 14 8 985
a 8 15 139
a 15 8 139
a 9 16 1296
a 16 9 1296
a 9 17 398
a 17 9 398
a 10 18 505
a 18 10 505
a 11 19 531
a 19 11 531
a 12 20 5054
a 20 12 5054
a 13 21 2047
a 21 13 2047
a 13 22 1066
a 22 13 1066
a 14 16 641
a 16 14 641
a 15 18 884
a 18 15 884
a 17 23 805
a 23 17 805
a 18 24 976
a 24 18 976
a 18 25 1519
a 25 18 1519
a 19 20 5404
a 20 19 5404
a 20 26 3121
a 26 20 3121
a 21 22 1365
a 22 21 1365
a 21 27 1086
a 27 21 1086
a 22 27 810
a 27 22 810
a 22 28 677
a 28 22 677
a 23 29 700
a 29 23 700
a 24 25 1283
a 25 24 1283
a 24 30 552
a 30 24 552
a 24 31 1022
a 31 24 1022
a 25 32 1306
a 32 25 1306
a 25 33 279
a 33 25 279
a 26 34 4922
a 34 26 4922
a 26 35 893
a 35 26 893
a 26 36 1111
a 36 26 1111
a 27 37 279
a 37 27 279
a 28 38 1168
a 38 28 1168
a 28 39 836
a 39 28 836
a 29 40 853
a 40 29 853
a 30 41 1387
a 41 30 1387
a 30 42 1255
a 42 30 1255
a 31 43 2320
a 43 31 2320
a 32 44 8247
a 44 32 8247
a 33 45 1438
a 45 33 1438
a 33 46 610
a 46 33 610
a 34 47 2160
a 47 34 2160
a 34 48 1014
a 48 34 1014
a 34 49 672
a 49 34 672
a 35 50 893
a 50 35 893
a 35 51 630
a 51 35 630
a 36 52 333
a 52 36 333
a 36 53 1351
a 53 36 1351
a 37 38 738
a 38 37 738
a 37 54 810
a 54 37 810
a 38 55 807
a 55 38 807
a 38 56 650
a 56 38 650
a 39 55 890
a 55 39 890
a 39 57 673
a 57 39 673
a 39 58 522
a 58 39 522
a 40 59 561
a 59 40 561
a 41 42 1458
a 42 41 1458
a 41 60 1168
a 60 41 1168
a 42 61 610
a 61 42 610
a 43 62 1396
a 62 43 1396
a 43 63 476
a 63 43 476
a 44 64 1163
a 64 44 1163
a 44 65 203
a 65 44 203
a 44 66 898
a 66 44 898
a 46 67 373
a 67 46 373
a 46 68 1342
a 68 46 1342
a 47 69 476
a 69 47 476
a 48 70 905
a 70 48 905
a 48 71 1100
a 71 48 1100
a 49 72 672
a 72 49 672
a 49 73 1716
a 73 49 1716
a 50 74 2113
a 74 50 2113
a 50 75 926
a 75 50 926
a 51 76 1447
a 76 51 1447
a 51 77 849
a 77 51 849
a 52 78 452
a 78 52 452
a 52 79 1519
a 79 52 1519
a 53 80 1351
a 80 53 1351
a 53 81 796
a 81 53 796
a 54 56 952
a 56 54 952
a 54 82 673
a 82 54 673
a 55 83 738
a 83 55 738
a 55 84 3247
a 84 55 3247
a 56 85 788
a 85 56 788
a 57 83 836
a 83 57 836
a 57 86 418
a 86 57 418
a 59 87 938
a 87 59 938
a 60 88 989
a 88 60 989
a 60 89 297
a 89 60 297
a 61 90 1027
a 90 61 1027
a 61 91 713
a 91 61 713
a 62 92 2138
a 92 62 2138
a 62 93 2403
a 93 62 2403
a 62 94 1986
a 94 62 1986
a 63 95 418
a 95 63 418
a 63 96 890
a 96 63 890
a 64 97 652
a 97 64 652
a 64 98 1191
a 98 64 1191
a 65 99 527
a 99 65 527
a 66 100 10440
a 100 66 10440
a 67 101 650
a 101 67 650
a 67 102 475
a 102 67 475
a 68 103 1259
a 103 68 1259
a 69 104 1811
a 104 69 1811
a 70 105 562
a 105 70 562
a 70 106 2547
a 106 70 2547
a 71 107 1599
a 107 71 1599
a 71 108 1115
a 108 71 1115
a 72 109 848
a 109 72 848
a 72 110 1428
a 110 72 1428
a 72 111 1551
a 111 72 1551
a 73 111 672
a 111 73 672
a 73 112 796
a 112 73 796
a 74 113 1558
a 113 74 1558
a 74 114 1578
a 114 74 1578
a 74 115 355
a 115 74 355
a 75 114 1505
a 114 75 1505
a 75 116 2031
a 116 75 2031
a 76 115 1268
a 115 76 1268
a 76 117 1210
a 117 76 1210
a 77 118 1631
a 118 77 1631
a 77 119 1767
a 119 77 1767
a 78 81 1435
a 81 78 1435
a 78 120 672
a 120 78 672
a 80 121 789
a 121 80 789
a 80 122 713
a 122 80 713
a 81 122 1448
a 122 81 1448
a 81 123 782
a 123 81 782
a 82 85 1142
a 85 82 1142
a 82 124 751
a 124 82 751
a 83 125 738
a 125 83 738
a 83 126 3239
a 126 83 3239
a 84 127 782
a 127 84 782
a 84 128 252
a 128 84 252
a 85 129 837
a 129 85 837
a 86 130 1483
a 130 86 1483
a 87 131 1112
a 131 87 1112
a 88 132 1034
a 132 88 1034
a 89 132 2239
a 132 89 2239
a 89 133 867
a 133 89 867
a 90 133 1140
a 133 90 1140
a 90 134 1888
a 134 90 1888
a 90 135 1342
a 135 90 1342
a 91 136 1476
a 136 91 1476
a 91 137 1255
a 137 91 1255
a 92 93 270
a 93 92 270
a 92 138 75
a 138 92 75
a 92 139 1519
a 139 92 1519
a 93 140 2992
a 140 93 2992
a 96 141 751
a 141 96 751
a 96 142 1363
a 142 96 1363
a 97 143 2005
a 143 97 2005
a 97 144 671
a 144 97 671
a 99 145 1291
a 145 99 1291
a 100 146 4309
a 146 100 4309
a 102 147 3206
a 147 102 3206
a 102 148 605
a 148 102 605
a 103 149 474
a 149 103 474
a 103 150 1379
a 150 103 1379
a 104 151 630
a 151 104 630
a 104 152 344
a 152 104 344
a 104 153 452
a 153 104 452
a 105 154 2482
a 154 105 2482
a 105 155 782
a 155 105 782
a 105 156 2451
a 156 105 2451
a 106 107 667
a 107 106 667
a 106 156 667
a 156 106 667
a 106 157 1852
a 157 106 1852
a 107 120 1865
a 120 107 1865
a 109 158 344
a 158 109 344
a 109 159 1469
a 159 109 1469
a 110 116 890
a 116 110 890
a 110 160 1161
a 160 110 1161
a 111 161 452
a 161 111 452
a 112 162 517
a 162 112 517
a 113 163 6726
a 163 113 6726
a 113 164 605
a 164 113 605
a 114 165 476
a 165 114 476
a 114 166 697
a 166 114 697
a 115 167 948
a 167 115 948
a 116 168 276
a 168 116 276
a 117 167 1396
a 167 117 1396
a 117 169 2017
a 169 117 2017
a 118 170 1210
a 170 118 1210
a 118 171 697
a 171 118 697
a 119 171 1066
a 171 119 1066
a 119 172 1141
a 172 119 1141
a 120 123 1431
a 123 120 1431
a 120 157 889
a 157 120 889
a 121 173 789
a 173 121 789
a 121 174 1546
a 174 121 1546
a 122 175 782
a 175 122 782
a 123 175 1448
a 175 123 1448
a 123 176 688
a 176 123 688
a 124 129 1209
a 129 124 1209
a 124 177 751
a 177 124 751
a 125 178 1698
a 178 125 1698
a 125 179 3421
a 179 125 3421
a 126 179 233
a 179 126 233
a 127 179 673
a 179 127 673
a 127 180 1796
a 180 127 1796
a 127 181 849
a 181 127 849
a 129 182 751
a 182 129 751
a 130 183 488
a 183 130 488
a 130 184 474
a 184 130 474
a 131 185 2550
a 185 131 2550
a 132 186 985
a 186 132 985
a 134 187 2722
a 187 134 2722
a 135 188 1490
a 188 135 1490
a 135 189 1086
a 189 135 1086
a 136 189 558
a 189 136 558
a 136 190 1457
a 190 136 1457
a 137 190 738
a 190 137 738
a 137 191 558
a 191 137 558
a 140 143 6066
a 143 140 6066
a 140 192 1483
a 192 140 1483
a 140 193 435
a 193 140 435
a 141 194 697
a 194 141 697
a 141 195 1168
a 195 141 1168
a 142 195 673
a 195 142 673
a 143 196 2008
a 196 143 2008
a 145 197 1890
a 197 145 1890
a 145 198 682
a 198 145 682
a 146 199 673
a 199 146 673
a 147 200 1952
a 200 147 1952
a 147 201 751
a 201 147 751
a 148 202 1502
a 202 148 1502
a 148 203 807
a 203 148 807
a 149 204 1520
a 204 149 1520
a 150 205 1283
a 205 150 1283
a 150 206 1338
a 206 150 1338
a 151 207 355
a 207 151 355
a 152 208 344
a 208 152 344
a 153 209 667
a 209 153 667
a 154 210 1016
a 210 154 1016
a 154 211 610
a 211 154 610
a 155 211 2258
a 211 155 2258
a 155 212 782
a 212 155 782
a 155 213 766
a 213 155 766
a 156 214 889
a 214 156 889
a 156 215 1939
a 215 156 1939
a 157 176 1615
a 176 157 1615
a 157 215 782
a 215 157 782
a 158 216 677
a 216 158 677
a 158 217 373
a 217 158 373
a 159 161 373
a 161 159 373
a 159 218 688
a 218 159 688
a 160 166 2617
a 166 160 2617
a 160 216 552
a 216 160 552
a 162 219 751
a 219 162 751
a 163 217 951
a 217 163 951
a 163 220 1338
a 220 163 1338
a 163 221 8448
a 221 163 8448
a 164 222 6976
a 222 164 6976
a 164 223 3359
a 223 164 3359
a 166 216 3157
a 216 166 3157
a 167 224 771
a 224 167 771
a 169 170 1014
a 170 169 1014
a 169 225 1275
a 225 169 1275
a 170 226 927
a 226 170 927
a 171 227 403
a 227 171 403
a 172 226 788
a 226 172 788
a 172 228 2791
a 228 172 2791
a 173 174 1293
a 174 173 1293
a 173 229 1812
a 229 173 1812
a 174 230 610
a 230 174 610
a 175 231 796
a 231 175 796
a 176 231 1435
a 231 176 1435
a 176 232 893
a 232 176 893
a 177 233 279
a 233 177 279
a 177 234 939
a 234 177 939
a 178 184 890
a 184 178 890
a 179 235 1565
a 235 179 1565
a 180 235 630
a 235 180 630
a 180 236 3227
a 236 180 3227
a 180 237 842
a 237 180 842
a 181 237 1686
a 237 181 1686
a 181 238 1398
a 238 181 1398
a 181 239 682
a 239 181 682
a 182 234 279
a 234 182 279
a 182 240 88
a 240 182 88
a 184 241 738
a 241 184 738
a 184 242 373
a 242 184 373
a 185 243 2322
a 243 185 2322
a 185 244 1034
a 244 185 1034
a 185 245 1632
a 245 185 1632
a 186 228 836
a 228 186 836
a 186 246 336
a 246 186 336
a 187 247 157
a 247 187 157
a 188 248 130
a 248 188 130
a 189 249 403
a 249 189 403
a 190 250 1255
a 250 190 1255
a 191 194 1009
a 194 191 1009
a 191 251 1029
a 251 191 1029
a 192 252 2030
a 252 192 2030
a 192 253 827
a 253 192 827
a 193 254 3095
a 254 193 3095
a 194 255 558
a 255 194 558
a 196 256 558
a 256 196 558
a 196 257 1022
a 257 196 1022
a 197 258 1016
a 258 197 1016
a 197 259 1320
a 259 197 1320
a 198 260 892
a 260 198 892
a 198 261 1412
a 261 198 1412
a 199 262 1074
a 262 199 1074
a 200 263 2873
a 263 200 2873
a 200 264 2622
a 264 200 2622
a 201 202 1533
a 202 201 1533
a 201 265 1116
a 265 201 1116
a 202 265 2483
a 265 202 2483
a 203 266 1746
a 266 203 1746
a 203 267 720
a 267 203 720
a 204 205 1115
a 205 204 1115
a 204 266 1446
a 266 204 1446
a 205 268 605
a 268 205 605
a 206 269 2979
a 269 206 2979
a 206 270 849
a 270 206 849
a 207 271 849
a 271 207 849
a 208 272 222
a 272 208 222
a 209 273 238
a 273 209 238
a 210 274 1448
a 274 210 1448
a 210 275 1114
a 275 210 1114
a 211 276 610
a 276 211 610
a 212 277 2127
a 277 212 2127
a 212 278 818
a 278 212 818
a 213 279 842
a 279 213 842
a 213 280 1558
a 280 213 1558
a 214 279 758
a 279 214 758
a 214 281 893
a 281 214 893
a 214 282 1936
a 282 214 1936
a 215 232 1603
a 232 215 1603
a 215 282 778
a 282 215 778
a 217 218 1387
a 218 217 1387
a 218 220 818
a 220 218 818
a 220 283 2611
a 283 220 2611
a 221 284 4843
a 284 221 4843
a 221 285 3813
a 285 221 3813
a 222 286 796
a 286 222 796
a 222 287 3691
a 287 222 3691
a 222 288 4962
a 288 222 4962
a 223 247 2751
a 247 223 2751
a 223 289 1115
a 289 223 1115
a 224 290 255
a 290 224 255
a 224 291 473
a 291 224 473
a 225 226 2643
a 226 225 2643
a 225 292 605
a 292 225 605
a 228 292 1258
a 292 228 1258
a 229 233 2002
a 233 229 2002
a 229 293 355
a 293 229 355
a 230 294 1168
a 294 230 1168
a 230 295 751
a 295 230 751
a 231 296 905
a 296 231 905
a 232 296 1519
a 296 232 1519
a 232 297 672
a 297 232 672
a 233 295 474
a 295 233 474
a 234 238 612
a 238 234 612
a 235 298 3240
a 298 235 3240
a 235 299 843
a 299 235 843
a 236 298 789
a 298 236 789
a 236 300 673
a 300 236 673
a 236 301 1248
a 301 236 1248
a 237 300 3240
a 300 237 3240
a 237 302 766
a 302 237 766
a 238 295 952
a 295 238 952
a 238 303 1902
a 303 238 1902
a 239 302 1675
a 302 239 1675
a 241 304 873
a 304 241 873
a 241 305 418
a 305 241 418
a 241 306 1086
a 306 241 1086
a 243 307 2008
a 307 243 2008
a 243 308 2142
a 308 243 2142
a 244 309 1140
a 309 244 1140
a 244 310 766
a 310 244 766
a 244 311 1675
a 311 244 1675
a 245 312 1616
a 312 245 1616
a 247 248 1555
a 248 247 1555
a 248 313 474
a 313 248 474
a 249 250 2916
a 250 249 2916
a 249 314 1015
a 314 249 1015
a 250 315 709
a 315 250 709
a 251 315 475
a 315 251 475
a 251 316 2183
a 316 251 2183
a 252 317 870
a 317 252 870
a 252 318 1545
a 318 252 1545
a 253 319 7275
a 319 253 7275
a 254 316 1224
a 316 254 1224
a 254 320 738
a 320 254 738
a 256 321 1831
a 321 256 1831
a 256 322 605
a 322 256 605
a 257 323 1763
a 323 257 1763
a 257 324 1496
a 324 257 1496
a 258 260 1014
a 260 258 1014
a 258 269 1116
a 269 258 1116
a 259 307 4681
a 307 259 4681
a 260 270 2818
a 270 260 2818
a 261 270 1178
a 270 261 1178
a 261 325 599
a 325 261 599
a 262 326 605
a 326 262 605
a 263 264 673
a 264 263 673
a 263 327 474
a 327 263 474
a 264 328 1209
a 328 264 1209
a 265 328 905
a 328 265 905
a 266 329 1611
a 329 266 1611
a 268 330 1716
a 330 268 1716
a 268 331 1779
a 331 268 1779
a 269 331 836
a 331 269 836
a 271 332 1199
a 332 271 1199
a 272 333 139
a 333 272 139
a 273 334 238
a 334 273 238
a 273 335 952
a 335 273 952
a 274 333 581
a 333 274 581
a 274 336 222
a 336 274 222
a 275 276 1435
a 276 275 1435
a 275 337 924
a 337 275 924
a 276 277 333
a 277 276 333
a 277 278 2275
a 278 277 2275
a 277 338 475
a 338 277 475
a 278 280 517
a 280 278 517
a 278 339 796
a 339 278 796
a 279 340 1558
a 340 279 1558
a 280 340 842
a 340 280 842
a 281 341 667
a 341 281 667
a 281 342 1939
a 342 281 1939
a 282 297 1698
a 297 282 1698
a 282 342 782
a 342 282 782
a 283 343 1248
a 343 283 1248
a 283 344 1034
a 344 283 1034
a 283 345 1055
a 345 283 1055
a 284 346 621
a 346 284 621
a 284 347 784
a 347 284 784
a 286 348 5784
a 348 286 5784
a 286 349 1248
a 349 286 1248
a 286 350 4315
a 350 286 4315
a 287 351 782
a 351 287 782
a 287 352 2034
a 352 287 2034
a 288 319 4608
a 319 288 4608
a 289 353 939
a 353 289 939
a 289 354 939
a 354 289 939
a 292 355 1142
a 355 292 1142
a 294 296 1168
a 296 294 1168
a 294 356 848
a 356 294 848
a 296 357 948
a 357 296 948
a 296 358 1664
a 358 296 1664
a 297 359 475
a 359 297 475
a 297 360 600
a 360 297 600
a 298 361 926
a 361 298 926
a 299 361 3250
a 361 299 3250
a 299 362 682
a 362 299 682
a 299 363 1004
a 363 299 1004
a 300 364 600
a 364 300 600
a 300 365 1467
a 365 300 1467
a 301 365 709
a 365 301 709
a 301 366 3112
a 366 301 3112
a 302 367 682
a 367 302 682
a 302 368 1675
a 368 302 1675
a 303 356 709
a 356 303 709
a 303 367 1701
a 367 303 1701
a 304 369 697
a 369 304 697
a 304 370 373
a 370 304 373
a 304 371 1209
a 371 304 1209
a 307 327 3239
a 327 307 3239
a 307 372 2832
a 372 307 2832
a 309 373 279
a 373 309 279
a 309 374 1836
a 374 309 1836
a 310 374 766
a 374 310 766
a 310 375 1675
a 375 310 1675
a 311 375 766
a 375 311 766
a 311 376 1000
a 376 311 1000
a 311 377 766
a 377 311 766
a 312 378 3206
a 378 312 3206
a 313 379 537
a 379 313 537
a 313 380 418
a 380 313 418
a 314 379 131
a 379 314 131
a 315 381 672
a 381 315 672
a 316 382 354
a 382 316 354
a 317 383 1063
a 383 317 1063
a 317 384 581
a 384 317 581
a 318 385 751
a 385 318 751
a 320 381 1248
a 381 320 1248
a 320 386 751
a 386 320 751
a 321 387 796
a 387 321 796
a 321 388 3801
a 388 321 3801
a 322 389 4382
a 389 322 4382
a 322 390 1027
a 390 322 1027
a 323 391 851
a 391 323 851
a 326 392 738
a 392 326 738
a 327 393 2504
a 393 327 2504
a 328 329 810
a 329 328 810
a 328 393 697
a 393 328 697
a 329 394 697
a 394 329 697
a 330 394 836
a 394 330 836
a 331 395 788
a 395 331 788
a 332 396 1124
a 396 332 1124
a 332 397 1259
a 397 332 1259
a 332 398 688
a 398 332 688
a 333 398 2547
a 398 333 2547
a 334 399 581
a 399 334 581
a 335 400 1853
a 400 335 1853
a 335 401 650
a 401 335 650
a 336 402 2200
a 402 336 2200
a 336 403 848
a 403 336 848
a 337 338 1365
a 338 337 1365
a 337 404 667
a 404 337 667
a 338 405 475
a 405 338 475
a 339 406 1949
a 406 339 1949
a 339 407 505
a 407 339 505
a 339 408 939
a 408 339 939
a 340 341 758
a 341 340 758
a 341 406 667
a 406 341 667
a 341 409 1852
a 409 341 1852
a 342 409 782
a 409 342 782
a 342 410 1365
a 410 342 1365
a 343 411 4558
a 411 343 4558
a 343 412 2446
a 412 343 2446
a 344 413 1773
a 413 344 1773
a 344 414 1004
a 414 344 1004
a 345 399 1483
a 399 345 1483
a 345 415 984
a 415 345 984
a 346 416 2754
a 416 346 2754
a 347 417 781
a 417 347 781
a 347 418 1532
a 418 347 1532
a 348 419 5817
a 419 348 5817
a 348 420 537
a 420 348 537
a 348 421 558
a 421 348 558
a 349 422 1207
a 422 349 1207
a 349 423 3634
a 423 349 3634
a 350 424 4128
a 424 350 4128
a 351 417 2344
a 417 351 2344
a 351 421 1661
a 421 351 1661
a 353 425 474
a 425 353 474
a 353 426 1161
a 426 353 1161
a 354 427 678
a 427 354 678
a 354 428 511
a 428 354 511
a 355 429 796
a 429 355 796
a 355 430 1281
a 430 355 1281
a 356 431 1576
a 431 356 1576
a 357 360 279
a 360 357 279
a 357 432 984
a 432 357 984
a 358 431 766
a 431 358 766
a 358 432 842
a 432 358 842
a 358 433 1565
a 433 358 1565
a 359 360 537
a 360 359 537
a 359 410 537
a 410 359 537
a 359 434 610
a 434 359 610
a 361 435 683
a 435 361 683
a 362 435 3250
a 435 362 3250
a 362 436 1565
a 436 362 1565
a 362 437 849
a 437 362 849
a 364 368 1592
a 368 364 1592
a 364 438 849
a 438 364 849
a 364 439 1669
a 439 364 1669
a 365 439 828
a 439 365 828
a 366 440 445
a 440 366 445
a 366 441 672
a 441 366 672
a 366 442 871
a 442 366 871
a 367 431 766
a 431 367 766
a 367 443 1558
a 443 367 1558
a 368 443 758
a 443 368 758
a 369 444 738
a 444 369 738
a 369 445 558
a 445 369 558
a 369 446 890
a 446 369 890
a 372 447 3495
a 447 372 3495
a 372 448 2336
a 448 372 2336
a 373 449 873
a 449 373 873
a 373 450 751
a 450 373 751
a 374 451 849
a 451 374 849
a 374 452 1285
a 452 374 1285
a 374 453 1675
a 453 374 1675
a 375 453 766
a 453 375 766
a 375 454 1222
a 454 375 1222
a 376 454 828
a 454 376 828
a 376 455 871
a 455 376 871
a 377 455 893
a 455 377 893
a 377 456 682
a 456 377 682
a 377 457 1114
a 457 377 1114
a 378 458 650
a 458 378 650
a 379 386 3933
a 386 379 3933
a 381 386 1283
a 386 381 1283
a 383 387 2903
a 387 383 2903
a 383 459 1282
a 459 383 1282
a 384 387 2530
a 387 384 2530
a 384 460 807
a 460 384 807
a 385 461 3771
a 461 385 3771
a 385 462 2160
a 462 385 2160
a 385 463 836
a 463 385 836
a 387 464 682
a 464 387 682
a 388 465 337
a 465 388 337
a 388 466 1000
a 466 388 1000
a 389 391 926
a 391 389 926
a 389 467 984
a 467 389 984
a 390 468 1351
a 468 390 1351
a 390 469 3669
a 469 390 3669
a 391 470 630
a 470 391 630
a 392 471 796
a 471 392 796
a 392 472 952
a 472 392 952
a 392 473 713
a 473 392 713
a 393 395 890
a 395 393 890
a 394 474 673
a 474 394 673
a 395 474 751
a 474 395 751
a 396 400 435
a 400 396 435
a 396 475 337
a 475 396 337
a 397 476 1290
a 476 397 1290
a 398 402 688
a 402 398 688
a 398 477 1282
a 477 398 1282
a 399 478 849
a 478 399 849
a 400 479 782
a 479 400 782
a 401 478 373
a 478 401 373
a 401 480 757
a 480 401 757
a 402 481 1199
a 481 402 1199
a 402 482 905
a 482 402 905
a 403 482 1716
a 482 403 1716
a 403 483 796
a 483 403 796
a 404 484 355
a 484 404 355
a 404 485 1603
a 485 404 1603
a 405 407 1599
a 407 405 1599
a 405 485 344
a 485 405 344
a 406 486 672
a 486 406 672
a 406 487 1603
a 487 406 1603
a 407 488 782
a 488 407 782
a 408 486 1267
a 486 408 1267
a 408 489 1678
a 489 408 1678
a 409 490 589
a 490 409 589
a 409 491 373
a 491 409 373
a 410 492 418
a 492 410 418
a 411 493 9491
a 493 411 9491
a 411 494 5837
a 494 411 5837
a 412 494 825
a 494 412 825
a 412 495 970
a 495 412 970
a 413 496 870
a 496 413 870
a 413 497 848
a 497 413 848
a 414 415 355
a 415 414 355
a 414 498 709
a 498 414 709
a 415 499 562
a 499 415 562
a 416 493 1501
a 493 416 1501
a 416 500 445
a 500 416 445
a 417 421 1478
a 421 417 1478
a 419 501 14055
a 501 419 14055
a 419 502 556
a 502 419 556
a 419 503 667
a 503 419 667
a 420 502 6292
a 502 420 6292
a 420 504 2519
a 504 420 2519
a 421 503 5414
a 503 421 5414
a 422 505 740
a 505 422 740
a 423 506 1659
a 506 423 1659
a 424 507 915
a 507 424 915
a 426 429 3228
a 429 426 3228
a 426 508 738
a 508 426 738
a 427 429 818
a 429 427 818
a 427 509 537
a 509 427 537
a 431 510 1565
a 510 431 1565
a 432 434 789
a 434 432 789
a 432 511 1686
a 511 432 1686
a 433 510 766
a 510 433 766
a 433 511 766
a 511 433 766
a 433 512 1669
a 512 433 1669
a 434 492 933
a 492 434 933
a 434 513 1467
a 513 434 1467
a 435 441 766
a 441 435 766
a 436 514 849
a 514 436 849
a 437 441 3240
a 441 437 3240
a 437 514 1565
a 514 437 1565
a 437 515 849
a 515 437 849
a 438 443 1686
a 443 438 1686
a 438 516 766
a 516 438 766
a 438 517 1810
a 517 438 1810
a 439 517 630
a 517 439 630
a 440 518 2126
a 518 440 2126
a 441 519 766
a 519 441 766
a 442 519 581
a 519 442 581
a 442 520 595
a 520 442 595
a 443 510 682
a 510 443 682
a 444 521 751
a 521 444 751
a 444 522 373
a 522 444 373
a 444 523 810
a 523 444 810
a 446 524 1675
a 524 446 1675
a 447 525 3043
a 525 447 3043
a 448 526 3164
a 526 448 3164
a 448 527 862
a 527 448 862
a 449 521 810
a 521 449 810
a 449 528 403
a 528 449 403
a 449 529 810
a 529 449 810
a 451 530 673
a 530 451 673
a 451 531 1565
a 531 451 1565
a 451 532 1675
a 532 451 1675
a 453 532 849
a 532 453 849
a 453 533 1344
a 533 453 1344
a 454 533 630
a 533 454 630
a 454 534 475
a 534 454 475
a 458 535 924
a 535 458 924
a 459 464 2900
a 464 459 2900
a 459 536 1080
a 536 459 1080
a 461 537 9858
a 537 461 9858
a 462 538 1006
a 538 462 1006
a 463 539 1181
a 539 463 1181
a 463 540 1458
a 540 463 1458
a 463 541 8418
a 541 463 8418
a 464 542 1010
a 542 464 1010
a 465 543 796
a 543 465 796
a 465 544 932
a 544 465 932
a 466 468 276
a 468 466 276
a 466 545 435
a 545 466 435
a 467 469 818
a 469 467 818
a 467 546 3733
a 546 467 3733
a 468 547 3223
a 547 468 3223
a 469 547 1027
a 547 469 1027
a 471 548 511
a 548 471 511
a 472 549 827
a 549 472 827
a 473 550 1357
a 550 473 1357
a 473 551 677
a 551 473 677
a 474 552 344
a 552 474 344
a 475 553 418
a 553 475 418
a 476 554 2430
a 554 476 2430
a 477 481 713
a 481 477 713
a 477 555 344
a 555 477 344
a 477 556 1306
a 556 477 1306
a 478 499 747
a 499 478 747
a 479 480 828
a 480 479 828
a 479 557 276
a 557 479 276
a 480 558 713
a 558 480 713
a 481 559 1579
a 559 481 1579
a 481 560 893
a 560 481 893
a 482 560 1282
a 560 482 1282
a 482 561 581
a 561 482 581
a 483 561 1351
a 561 483 1351
a 483 562 893
a 562 483 893
a 484 563 1986
a 563 484 1986
a 484 564 688
a 564 484 688
a 485 565 713
a 565 485 713
a 486 566 871
a 566 486 871
a 487 491 612
a 491 487 612
a 487 566 1029
a 566 487 1029
a 487 567 403
a 567 487 403
a 488 565 1365
a 565 488 1365
a 488 568 688
a 568 488 688
a 489 566 1168
a 566 489 1168
a 489 569 1168
a 569 489 1168
a 489 570 673
a 570 489 673
a 490 491 537
a 491 490 537
a 490 492 890
a 492 490 890
a 490 571 1032
a 571 490 1032
a 492 572 1592
a 572 492 1592
a 493 573 1447
a 573 493 1447
a 494 574 1338
a 574 494 1338
a 496 575 2638
a 575 496 2638
a 496 576 581
a 576 496 581
a 497 498 766
a 498 497 766
a 497 577 279
a 577 497 279
a 498 558 818
a 558 498 818
a 499 558 905
a 558 499 905
a 500 578 556
a 578 500 556
a 500 579 612
a 579 500 612
a 501 580 672
a 580 501 672
a 501 581 2812
a 581 501 2812
a 501 582 484
a 582 501 484
a 502 583 3029
a 583 502 3029
a 502 584 457
a 584 502 457
a 503 578 445
a 578 503 445
a 503 585 12640
a 585 503 12640
a 504 505 868
a 505 504 868
a 505 586 4225
a 586 505 4225
a 506 587 2296
a 587 506 2296
a 507 538 8633
a 538 507 8633
a 510 516 1675
a 516 510 1675
a 511 513 758
a 513 511 758
a 511 588 1675
a 588 511 1675
a 512 516 849
a 516 512 849
a 512 588 682
a 588 512 682
a 512 589 2028
a 589 512 2028
a 513 572 871
a 572 513 871
a 513 590 1669
a 590 513 1669
a 514 591 766
a 591 514 766
a 514 592 581
a 592 514 581
a 515 519 3233
a 519 515 3233
a 515 591 1576
a 591 515 1576
a 515 593 517
a 593 515 517
a 516 594 1906
a 594 516 1906
a 517 594 871
a 594 517 871
a 518 595 3482
a 595 518 3482
a 518 596 850
a 596 518 850
a 518 597 933
a 597 518 933
a 519 598 682
a 598 519 682
a 520 598 496
a 598 520 496
a 520 599 740
a 599 520 740
a 521 600 418
a 600 521 418
a 521 601 948
a 601 521 948
a 524 530 1454
a 530 524 1454
a 524 531 682
a 531 524 682
a 524 602 766
a 602 524 766
a 525 603 2752
a 603 525 2752
a 525 604 2928
a 604 525 2928
a 525 605 1502
a 605 525 1502
a 526 606 893
a 606 526 893
a 526 607 952
a 607 526 952
a 530 608 766
a 608 530 766
a 530 609 3240
a 609 530 3240
a 531 610 511
a 610 531 511
a 531 611 435
a 611 531 435
a 532 612 1447
a 612 532 1447
a 533 612 952
a 612 533 952
a 533 613 562
a 613 533 562
a 535 614 951
a 614 535 951
a 536 615 922
a 615 536 922
a 536 616 281
a 616 536 281
a 537 617 1716
a 617 537 1716
a 539 618 2410
a 618 539 2410
a 540 619 5097
a 619 540 5097
a 540 620 1095
a 620 540 1095
a 541 621 1948
a 621 541 1948
a 541 622 2418
a 622 541 2418
a 542 543 2450
a 543 542 2450
a 542 623 1004
a 623 542 1004
a 543 624 1000
a 624 543 1000
a 544 625 2894
a 625 544 2894
a 544 626 841
a 626 544 841
a 545 627 3034
a 627 545 3034
a 545 628 926
a 628 545 926
a 546 629 1009
a 629 546 1009
a 546 630 927
a 630 546 927
a 547 627 878
a 627 547 878
a 548 631 1144
a 631 548 1144
a 548 632 713
a 632 548 713
a 549 633 1732
a 633 549 1732
a 550 634 1031
a 634 550 1031
a 550 635 605
a 635 550 605
a 551 635 1323
a 635 551 1323
a 551 636 878
a 636 551 878
a 553 637 202
a 637 553 202
a 553 638 344
a 638 553 344
a 554 639 4539
a 639 554 4539
a 554 640 475
a 640 554 475
a 554 641 336
a 641 554 336
a 556 559 778
a 559 556 778
a 556 642 1034
a 642 556 1034
a 556 643 452
a 643 556 452
a 557 638 828
a 638 557 828
a 557 644 688
a 644 557 688
a 558 644 952
a 644 558 952
a 559 645 713
a 645 559 713
a 559 646 337
a 646 559 337
a 560 645 1365
a 645 560 1365
a 560 647 610
a 647 560 610
a 561 647 1199
a 647 561 1199
a 561 648 893
a 648 561 893
a 562 563 344
a 563 562 344
a 562 649 769
a 649 562 769
a 563 650 667
a 650 563 667
a 564 565 2032
a 565 564 2032
a 564 651 2244
a 651 564 2244
a 564 652 778
a 652 564 778
a 565 653 713
a 653 565 713
a 566 654 1188
a 654 566 1188
a 567 571 758
a 571 567 758
a 567 655 1675
a 655 567 1675
a 568 653 1282
a 653 568 1282
a 570 654 709
a 654 570 709
a 571 572 682
a 572 571 682
a 573 579 751
a 579 573 751
a 577 644 713
a 644 577 713
a 578 579 435
a 579 578 435
a 588 590 842
a 590 588 842
a 589 594 790
a 594 589 790
a 593 598 3250
a 598 593 3250
a 593 608 849
a 608 593 849
a 602 608 1454
a 608 602 1454
a 609 612 600
a 612 609 600
a 615 623 1114
a 623 615 1114
a 623 624 2534
a 624 623 2534
a 640 642 1306
a 642 640 1306
a 648 649 414
a 649 648 414
a 650 651 333
a 651 650 333
a 652 653 2297
a 653 652 2297
a 654 655 758
a 655 654 758
